1 0.00811457633972168 0.5 2
2 0.009209632873535156 0.5 2
3 0.28346753120422363 0.5 2
4 0.05682563781738281 0.5 2
5 0.11101102828979492 0.5 2
41 0.04313850402832031 0.6 2
42 0.1934061050415039 0.6 2
42 0.19529104232788086 0.6 2
42 0.08933711051940918 0.6 2
43 0.21441388130187988 0.6 2
65 0.11104273796081543 0.6 2
66 0.07873296737670898 0.6 2
66 0.07297992706298828 0.6 2
67 0.1772174835205078 0.6 2
67 0.14524412155151367 0.6 2
120 0.37153005599975586 0.7 2
121 0.02942490577697754 0.7 2
123 0.0770716667175293 0.7 2
124 0.023471355438232422 0.7 2
125 0.028325796127319336 0.7 2
156 0.0845940113067627 0.7 1
156 0.07615113258361816 0.7 1
156 0.07561802864074707 0.7 1
157 0.17818474769592285 0.7 1
157 0.2415482997894287 0.7 1
187 0.09982919692993164 0.7 2
187 0.06665778160095215 0.7 2
188 0.05065011978149414 0.7 2
188 0.2899463176727295 0.7 2
188 0.17016816139221191 0.7 2
238 0.00852203369140625 0.7 1
240 0.006352901458740234 0.7 1
243 0.005791187286376953 0.7 1
244 0.05019354820251465 0.7 1
245 0.05489540100097656 0.7 1
277 0.18718504905700684 0.7 2
278 0.15829849243164062 0.7 2
278 0.15709233283996582 0.7 2
279 0.24495315551757812 0.7 2
279 0.17596912384033203 0.7 2
317 0.574070930480957 0.6 2
318 0.3032498359680176 0.6 2
319 0.28356385231018066 0.6 2
319 0.15247750282287598 0.6 2
320 0.3670175075531006 0.6 2
365 0.012525081634521484 0.6 3
368 0.021577835083007812 0.6 3
370 0.053969621658325195 0.6 3
372 0.07956290245056152 0.6 3
374 0.06822347640991211 0.6 3
404 0.054689645767211914 0.6 2
405 0.24216699600219727 0.6 2
406 0.14692211151123047 0.6 2
407 0.2629239559173584 0.6 2
408 0.7883217334747314 0.6 2
435 0.08436942100524902 0.6 3
437 0.043509483337402344 0.6 3
438 0.04222989082336426 0.6 3
439 0.06461429595947266 0.6 3
440 0.14942693710327148 0.6 3
483 0.011090278625488281 0.6 3
486 0.010320901870727539 0.6 3
488 0.013970613479614258 0.6 3
491 0.009373188018798828 0.6 3
494 0.06084799766540527 0.6 3
538 0.015190601348876953 0.6 3
541 0.009040594100952148 0.6 3
543 0.009603023529052734 0.6 3
547 0.010703802108764648 0.6 3
551 0.05173230171203613 0.6 3
600 0.010452985763549805 0.6 3
602 0.012325048446655273 0.6 3
605 0.009017229080200195 0.6 3
607 0.009449481964111328 0.6 3
610 0.021552085876464844 0.6 3
688 0.04367566108703613 0.5 3
689 0.057910919189453125 0.5 3
690 0.07769584655761719 0.5 3
693 0.00539398193359375 0.5 3
696 0.06244969367980957 0.5 3
749 0.010519266128540039 0.5 3
751 0.012541770935058594 0.5 3
753 0.009215354919433594 0.5 3
756 0.009940624237060547 0.5 3
758 0.011668920516967773 0.5 3
802 0.008592605590820312 0.5 3
803 0.010942459106445312 0.5 3
805 0.009213924407958984 0.5 3
808 0.009884834289550781 0.5 3
809 0.012523412704467773 0.5 3
848 0.018862247467041016 0.4 3
850 0.006517648696899414 0.4 3
852 0.0904841423034668 0.4 3
854 0.003328561782836914 0.4 3
856 0.0032067298889160156 0.4 3
893 0.012420415878295898 0.4 3
896 0.015055656433105469 0.4 3
898 0.012386798858642578 0.4 3
900 0.011684417724609375 0.4 3
903 0.06563162803649902 0.4 3
956 0.009775161743164062 0.4 3
959 0.009675741195678711 0.4 3
962 0.009457826614379883 0.4 3
965 0.01098942756652832 0.4 3
967 0.04986858367919922 0.4 3
997 0.09389400482177734 0.4 3
997 0.08206653594970703 0.4 3
998 0.06293177604675293 0.4 3
999 0.15525579452514648 0.4 3
999 0.0902106761932373 0.4 3
1048 0.00819087028503418 0.4 3
1050 0.010213136672973633 0.4 3
1052 0.009835004806518555 0.4 3
1055 0.02431511878967285 0.4 3
1057 0.06537556648254395 0.4 3
1087 0.09388327598571777 0.4 2
1088 0.5067908763885498 0.4 2
1088 0.06339550018310547 0.4 2
1089 0.0828256607055664 0.4 2
1089 0.11632871627807617 0.4 2
1118 0.0747225284576416 0.4 1
1118 0.17569565773010254 0.4 1
1119 0.07593107223510742 0.4 1
1119 0.18510699272155762 0.4 1
1120 0.06550168991088867 0.4 1
1149 0.1539621353149414 0.4 2
1149 0.0694582462310791 0.4 2
1150 0.3679671287536621 0.4 2
1151 0.04447627067565918 0.4 2
1151 0.10506176948547363 0.4 2
1197 0.00778651237487793 0.4 1
1198 0.0064656734466552734 0.4 1
1200 0.007460594177246094 0.4 1
1202 0.009950399398803711 0.4 1
1203 0.007910966873168945 0.4 1
1264 0.003878355026245117 0.5 1
1266 0.00467371940612793 0.5 1
1268 0.004752635955810547 0.5 1
1271 0.004857063293457031 0.5 1
1273 0.0036668777465820312 0.5 1
1302 0.07909846305847168 0.6 1
1302 0.24077820777893066 0.6 1
1302 0.6272599697113037 0.6 1
1303 0.04911541938781738 0.6 1
1303 0.4878349304199219 0.6 1
1328 0.05369424819946289 0.6 2
1329 0.06924319267272949 0.6 2
1329 0.18966054916381836 0.6 2
1330 0.31652116775512695 0.6 2
1330 0.09474849700927734 0.6 2
1360 0.07850790023803711 0.6 3
1361 0.38433074951171875 0.6 3
1361 0.16674423217773438 0.6 3
1362 0.12092304229736328 0.6 3
1363 0.0919179916381836 0.6 3
1390 0.1075589656829834 0.6 3
1390 0.10060524940490723 0.6 3
1391 0.07821774482727051 0.6 3
1392 0.38132596015930176 0.6 3
1392 0.050278425216674805 0.6 3
1439 0.010381937026977539 0.6 2
1441 0.00967264175415039 0.6 2
1444 0.01118922233581543 0.6 2
1446 0.04419064521789551 0.6 2
1447 0.04384779930114746 0.6 2
1502 0.008573293685913086 0.6 3
1505 0.009988784790039062 0.6 3
1507 0.0443875789642334 0.6 3
1509 0.04992175102233887 0.6 3
1511 0.06273293495178223 0.6 3
1560 0.00998377799987793 0.6 3
1563 0.009786367416381836 0.6 3
1566 0.01437067985534668 0.6 3
1570 0.010464668273925781 0.6 3
1574 0.04819965362548828 0.6 3
1631 0.010494709014892578 0.6 3
1634 0.009708166122436523 0.6 3
1634 0.009924173355102539 0.6 3
1638 0.014428138732910156 0.6 3
1642 0.03927421569824219 0.6 3
1678 0.15380620956420898 0.6 2
1681 0.008163213729858398 0.6 2
1684 0.009058952331542969 0.6 2
1688 0.04975318908691406 0.6 2
1690 0.04911041259765625 0.6 2
1742 0.19691109657287598 0.6 3
1745 0.012189865112304688 0.6 3
1748 0.007687568664550781 0.6 3
1750 0.02456212043762207 0.6 3
1753 0.04869222640991211 0.6 3
1832 0.04788494110107422 0.5 3
1834 0.007180690765380859 0.5 3
1836 0.027698755264282227 0.5 3
1837 0.05377650260925293 0.5 3
1839 0.09917068481445312 0.5 3
1867 0.06239628791809082 0.5 3
1867 0.11556005477905273 0.5 3
1868 0.07321429252624512 0.5 3
1869 0.12029671669006348 0.5 3
1869 0.17553019523620605 0.5 3
1912 0.012269973754882812 0.5 3
1915 0.07632231712341309 0.5 3
1917 0.011961221694946289 0.5 3
1920 0.011208057403564453 0.5 3
1922 0.04468250274658203 0.5 3
1956 0.06902384757995605 0.5 3
1956 0.14016032218933105 0.5 3
1957 0.056108951568603516 0.5 3
1957 0.13283371925354004 0.5 3
1958 0.10113739967346191 0.5 3
2004 0.010135412216186523 0.5 3
2007 0.00986027717590332 0.5 3
2009 0.008925676345825195 0.5 3
2011 0.009317398071289062 0.5 3
2014 0.009927034378051758 0.5 3
2067 0.011586427688598633 0.5 3
2069 0.010567426681518555 0.5 3
2072 0.007729053497314453 0.5 3
2074 0.0071103572845458984 0.5 3
2076 0.008188724517822266 0.5 3
2151 0.04358172416687012 0.4 3
2152 0.06574225425720215 0.4 3
2153 0.17120575904846191 0.4 3
2154 0.05996370315551758 0.4 3
2155 0.053585052490234375 0.4 3
2189 0.014876604080200195 0.4 3
2192 0.012487173080444336 0.4 3
2194 0.01308298110961914 0.4 3
2197 0.09152078628540039 0.4 3
2200 0.05543160438537598 0.4 3
2246 0.012130975723266602 0.4 3
2248 0.009708166122436523 0.4 3
2250 0.010870218276977539 0.4 3
2252 0.010919809341430664 0.4 3
2255 0.03941965103149414 0.4 3
2304 0.010363578796386719 0.4 3
2307 0.007540464401245117 0.4 3
2310 0.0073108673095703125 0.4 3
2312 0.008540630340576172 0.4 3
2314 0.009651660919189453 0.4 3
2366 0.007880210876464844 0.4 3
2368 0.007799625396728516 0.4 3
2370 0.018492698669433594 0.4 3
2373 0.007279872894287109 0.4 3
2375 0.01721787452697754 0.4 3
2428 0.008623600006103516 0.4 3
2430 0.0083465576171875 0.4 3
2433 0.01001119613647461 0.4 3
2436 0.008571386337280273 0.4 3
2438 0.028282642364501953 0.4 3
2490 0.007235288619995117 0.4 2
2493 0.005605220794677734 0.4 2
2495 0.006739377975463867 0.4 2
2497 0.06557488441467285 0.4 2
2498 0.05518174171447754 0.4 2
2543 0.008725643157958984 0.4 2
2545 0.006439208984375 0.4 2
2547 0.08803582191467285 0.4 2
2549 0.006356954574584961 0.4 2
2551 0.00848388671875 0.4 2
2559 0.3436000347137451 0.5 2
2559 0.2525026798248291 0.5 2
2560 0.1606006622314453 0.5 2
2560 0.35758161544799805 0.5 2
2560 0.14511346817016602 0.5 2
2588 0.5998139381408691 0.4 2
2589 0.13040542602539062 0.4 2
2589 0.08785700798034668 0.4 2
2589 0.0541682243347168 0.4 2
2589 0.06382632255554199 0.4 2
2615 0.14234089851379395 0.4 1
2615 0.10144853591918945 0.4 1
2616 0.12087368965148926 0.4 1
2616 0.2389845848083496 0.4 1
2616 0.23564815521240234 0.4 1
2648 0.04314684867858887 0.5 1
2648 0.4240870475769043 0.5 1
2649 0.4264693260192871 0.5 1
2649 0.12132930755615234 0.5 1
2650 0.21225500106811523 0.5 1
2675 0.0936441421508789 0.5 1
2676 0.08991336822509766 0.5 1
2676 0.05857729911804199 0.5 1
2677 0.44033360481262207 0.5 1
2677 0.049474239349365234 0.5 1
2716 0.009198188781738281 0.5 1
2717 0.00904226303100586 0.5 1
2718 0.007541656494140625 0.5 1
2719 0.009544134140014648 0.5 1
2720 0.005663633346557617 0.5 1
2746 0.008192062377929688 0.5 1
2748 0.008216381072998047 0.5 1
2749 0.008557796478271484 0.5 1
2751 0.007517337799072266 0.5 1
2752 0.006907939910888672 0.5 1
2767 0.1117250919342041 0.5 2
2767 0.43615174293518066 0.5 2
2768 0.21785950660705566 0.5 2
2768 0.0652303695678711 0.5 2
2769 0.4950530529022217 0.5 2
2801 0.26586270332336426 0.4 2
2801 0.6554262638092041 0.4 2
2802 0.16445040702819824 0.4 2
2802 0.2768707275390625 0.4 2
2802 0.1383364200592041 0.4 2
2829 0.0543973445892334 0.4 3
2830 0.06000924110412598 0.4 3
2831 0.05890154838562012 0.4 3
2831 0.08594989776611328 0.4 3
2832 0.18721652030944824 0.4 3
2870 0.010783195495605469 0.4 3
2872 0.011358261108398438 0.4 3
2873 0.014403820037841797 0.4 3
2875 0.010734796524047852 0.4 3
2877 0.07191181182861328 0.4 3
2889 0.17954444885253906 0.4 3
2890 0.17192506790161133 0.4 3
2891 0.055324554443359375 0.4 3
2892 0.2489004135131836 0.4 3
2892 0.10522580146789551 0.4 3
2933 0.012009620666503906 0.4 3
2935 0.010487556457519531 0.4 3
2937 0.011237382888793945 0.4 3
2940 0.010823488235473633 0.4 3
2942 0.014759063720703125 0.4 3
3001 0.010299444198608398 0.4 3
3004 0.01715874671936035 0.4 3
3006 0.010575056076049805 0.4 3
3009 0.009986162185668945 0.4 3
3011 0.010373592376708984 0.4 3
3061 0.012451887130737305 0.4 3
3065 0.010009050369262695 0.4 3
3067 0.01078033447265625 0.4 3
3070 0.010506868362426758 0.4 3
3075 0.008680105209350586 0.4 3
3110 0.06304764747619629 0.4 3
3112 0.048772573471069336 0.4 3
3113 0.1716141700744629 0.4 3
3115 0.0480349063873291 0.4 3
3117 0.06470966339111328 0.4 3
3143 0.13911056518554688 0.4 2
3144 0.11056756973266602 0.4 2
3144 0.3986847400665283 0.4 2
3146 0.4122889041900635 0.4 2
3148 0.11775422096252441 0.4 2
3181 0.009631156921386719 0.4 2
3184 0.010471820831298828 0.4 2
3187 0.009790182113647461 0.4 2
3190 0.009242773056030273 0.4 2
3193 0.010361909866333008 0.4 2
3245 0.5503802299499512 0.5 2
3247 0.08045744895935059 0.5 2
3249 0.0043904781341552734 0.5 2
3251 0.08467411994934082 0.5 2
3252 0.08099126815795898 0.5 2
3299 0.012588262557983398 0.5 2
3302 0.012696027755737305 0.5 2
3304 0.009426355361938477 0.5 2
3306 0.011812448501586914 0.5 2
3308 0.010933160781860352 0.5 2
3342 0.3279845714569092 0.4 2
3343 0.19222593307495117 0.4 2
3343 0.3523852825164795 0.4 2
3343 0.32113122940063477 0.4 2
3344 0.1859419345855713 0.4 2
3390 0.008008003234863281 0.4 1
3392 0.053183794021606445 0.4 1
3395 0.009753704071044922 0.4 1
3396 0.06539726257324219 0.4 1
3397 0.05476522445678711 0.4 1
3454 0.06037282943725586 0.5 1
3455 0.049551963806152344 0.5 1
3456 0.0668332576751709 0.5 1
3457 0.07489657402038574 0.5 1
3458 0.07546520233154297 0.5 1
3507 0.0061419010162353516 0.5 2
3509 0.011817455291748047 0.5 2
3510 0.005651235580444336 0.5 2
3512 0.009546518325805664 0.5 2
3514 0.0037260055541992188 0.5 2
3559 0.009345054626464844 0.5 2
3561 0.012252092361450195 0.5 2
3563 0.008701562881469727 0.5 2
3564 0.012274026870727539 0.5 2
3566 0.008319854736328125 0.5 2
3602 0.12444615364074707 0.4 2
3602 0.5633575916290283 0.4 2
3602 0.09936857223510742 0.4 2
3602 0.07769465446472168 0.4 2
3602 0.23063874244689941 0.4 2
13 0.07476305961608887 0.4 2
15 0.011408329010009766 0.4 2
17 0.08718156814575195 0.4 2
18 0.009972810745239258 0.4 2
20 0.02875065803527832 0.4 2
53 0.008067846298217773 0.4 2
55 0.008008718490600586 0.4 2
57 0.007123231887817383 0.4 2
59 0.008030176162719727 0.4 2
61 0.0071392059326171875 0.4 2
65 0.12389254570007324 0.5 2
66 0.04498171806335449 0.5 2
66 0.16959667205810547 0.5 2
66 0.05303168296813965 0.5 2
67 0.3425018787384033 0.5 2
95 0.08231306076049805 0.6 2
96 0.22171306610107422 0.6 2
96 0.26268792152404785 0.6 2
97 0.09284615516662598 0.6 2
97 0.19238948822021484 0.6 2
144 0.010041236877441406 0.6 2
147 0.007246494293212891 0.6 2
149 0.009083271026611328 0.6 2
152 0.00812983512878418 0.6 2
154 0.010792732238769531 0.6 2
186 0.04897642135620117 0.6 3
187 0.14427495002746582 0.6 3
187 0.07807588577270508 0.6 3
188 0.09503984451293945 0.6 3
188 0.09418511390686035 0.6 3
258 0.06410431861877441 0.5 3
259 0.05965423583984375 0.5 3
260 0.0884239673614502 0.5 3
261 0.04569196701049805 0.5 3
262 0.07398509979248047 0.5 3
292 0.012053489685058594 0.5 3
294 0.02155923843383789 0.5 3
295 0.012563228607177734 0.5 3
297 0.012745141983032227 0.5 3
299 0.010802745819091797 0.5 3
317 0.09515690803527832 0.4 3
318 0.1868274211883545 0.4 3
318 0.2206251621246338 0.4 3
319 0.1806316375732422 0.4 3
319 0.24648427963256836 0.4 3
359 0.04172396659851074 0.4 2
361 0.012749910354614258 0.4 2
364 0.07710480690002441 0.4 2
366 0.09711337089538574 0.4 2
368 0.057558536529541016 0.4 2
418 0.011972427368164062 0.4 2
420 0.010009288787841797 0.4 2
423 0.009761571884155273 0.4 2
425 0.011067628860473633 0.4 2
428 0.009689092636108398 0.4 2
477 0.020125627517700195 0.4 2
480 0.011862516403198242 0.4 2
482 0.009988546371459961 0.4 2
484 0.010490655899047852 0.4 2
486 0.008925199508666992 0.4 2
529 0.010778665542602539 0.4 2
532 0.009832620620727539 0.4 2
534 0.009503841400146484 0.4 2
536 0.009979486465454102 0.4 2
538 0.009176254272460938 0.4 2
564 0.05065584182739258 0.4 2
566 0.06177163124084473 0.4 2
568 0.054282426834106445 0.4 2
569 0.05317068099975586 0.4 2
571 0.04819011688232422 0.4 2
578 0.07542014122009277 0.4 2
579 0.06491303443908691 0.4 2
580 0.18046855926513672 0.4 2
580 0.07448124885559082 0.4 2
582 0.35098934173583984 0.4 2
630 0.008815288543701172 0.4 2
632 0.00959157943725586 0.4 2
634 0.00848245620727539 0.4 2
637 0.008605241775512695 0.4 2
640 0.04284524917602539 0.4 2
690 0.00980377197265625 0.4 2
693 0.009785175323486328 0.4 2
696 0.009397029876708984 0.4 2
698 0.006560325622558594 0.4 2
701 0.01935124397277832 0.4 2
748 0.00754094123840332 0.4 2
750 0.00864863395690918 0.4 2
753 0.009253263473510742 0.4 2
755 0.007848024368286133 0.4 2
758 0.010001182556152344 0.4 2
807 0.008693218231201172 0.4 2
809 0.006693124771118164 0.4 2
812 0.009432077407836914 0.4 2
814 0.009416580200195312 0.4 2
817 0.009167194366455078 0.4 2
867 0.011572122573852539 0.4 2
870 0.009498357772827148 0.4 2
872 0.00771331787109375 0.4 2
875 0.00672459602355957 0.4 2
877 0.028113842010498047 0.4 2
921 0.008907079696655273 0.4 2
923 0.006899595260620117 0.4 2
925 0.007325172424316406 0.4 2
927 0.0061473846435546875 0.4 2
929 0.006652355194091797 0.4 2
950 0.012042522430419922 0.4 2
952 0.009819746017456055 0.4 2
954 0.007025480270385742 0.4 2
956 0.006453514099121094 0.4 2
957 0.006165742874145508 0.4 2
982 0.009469747543334961 0.4 2
984 0.008126497268676758 0.4 2
986 0.006465911865234375 0.4 2
988 0.006563663482666016 0.4 2
990 0.006955862045288086 0.4 2
1012 0.007409334182739258 0.4 2
1014 0.006268739700317383 0.4 2
1016 0.0070476531982421875 0.4 2
1017 0.007332563400268555 0.4 2
1019 0.006847858428955078 0.4 2
1041 0.00726318359375 0.4 2
1044 0.0053403377532958984 0.4 2
1046 0.0069463253021240234 0.4 2
1048 0.0074253082275390625 0.4 2
1049 0.006673336029052734 0.4 2
1072 0.006407260894775391 0.4 2
1075 0.006186008453369141 0.4 2
1077 0.006989240646362305 0.4 2
1078 0.006498575210571289 0.4 2
1080 0.00656890869140625 0.4 2
1089 0.3260807991027832 0.5 2
1089 0.058057546615600586 0.5 2
1089 0.2614326477050781 0.5 2
1090 0.17002034187316895 0.5 2
1090 0.13003182411193848 0.5 2
1134 0.012174606323242188 0.5 3
1136 0.004296302795410156 0.5 3
1137 0.045256853103637695 0.5 3
1138 0.039251089096069336 0.5 3
1139 0.21708059310913086 0.5 3
1150 0.18056440353393555 0.4 3
1150 0.2931942939758301 0.4 3
1151 0.4418919086456299 0.4 3
1151 0.08342099189758301 0.4 3
1151 0.13013339042663574 0.4 3
1177 0.15249943733215332 0.4 2
1177 0.12629175186157227 0.4 2
1178 0.052721261978149414 0.4 2
1178 0.1728990077972412 0.4 2
1179 0.3185849189758301 0.4 2
1212 0.08332061767578125 0.5 2
1212 0.7960491180419922 0.5 2
1213 0.03787064552307129 0.5 2
1213 0.5486044883728027 0.5 2
1213 0.2146167755126953 0.5 2
1272 0.0037925243377685547 0.4 2
1274 0.0024788379669189453 0.4 2
1276 0.004025697708129883 0.4 2
1278 0.0037581920623779297 0.4 2
1280 0.0636739730834961 0.4 2
1313 0.031675100326538086 0.4 2
1315 0.012096405029296875 0.4 2
1317 0.013518810272216797 0.4 2
1319 0.010807514190673828 0.4 2
1321 0.010350704193115234 0.4 2
1343 0.011225223541259766 0.4 2
1345 0.00946497917175293 0.4 2
1348 0.06560444831848145 0.4 2
1350 0.010363101959228516 0.4 2
1352 0.08991861343383789 0.4 2
1391 0.10367965698242188 0.4 3
1392 0.20093584060668945 0.4 3
1393 0.05686783790588379 0.4 3
1393 0.4723072052001953 0.4 3
1394 0.13570117950439453 0.4 3
1434 0.009693145751953125 0.4 3
1437 0.00902557373046875 0.4 3
1439 0.013324737548828125 0.4 3
1441 0.009918928146362305 0.4 3
1443 0.008881568908691406 0.4 3
1504 0.011517763137817383 0.4 2
1507 0.008493185043334961 0.4 2
1509 0.010133743286132812 0.4 2
1511 0.06351184844970703 0.4 2
1513 0.04306292533874512 0.4 2
1555 0.19642233848571777 0.5 2
1556 0.2583746910095215 0.5 2
1557 0.16533398628234863 0.5 2
1558 0.1429300308227539 0.5 2
1559 0.1791834831237793 0.5 2
1582 0.05783200263977051 0.5 3
1584 0.05453848838806152 0.5 3
1585 0.16943001747131348 0.5 3
1586 0.18948769569396973 0.5 3
1588 0.16657471656799316 0.5 3
1621 0.018814802169799805 0.5 3
1624 0.01472330093383789 0.5 3
1627 0.017886877059936523 0.5 3
1629 0.014208316802978516 0.5 3
1630 0.017878055572509766 0.5 3
1679 0.014402151107788086 0.5 3
1681 0.015286684036254883 0.5 3
1681 0.01327967643737793 0.5 3
1683 0.01489114761352539 0.5 3
1685 0.016219139099121094 0.5 3
1779 0.08458566665649414 0.4 3
1782 0.005091190338134766 0.4 3
1784 0.09310793876647949 0.4 3
1786 0.09437274932861328 0.4 3
1789 0.003927469253540039 0.4 3
1819 0.049307823181152344 0.4 3
1821 0.11977982521057129 0.4 3
1823 0.15693283081054688 0.4 3
1825 0.05896806716918945 0.4 3
1826 0.09178948402404785 0.4 3
1856 0.011873483657836914 0.4 3
1858 0.011746406555175781 0.4 3
1860 0.010553836822509766 0.4 3
1862 0.008051395416259766 0.4 3
1864 0.012436389923095703 0.4 3
1913 0.009291410446166992 0.4 3
1915 0.012494325637817383 0.4 3
1917 0.009659051895141602 0.4 3
1919 0.008692026138305664 0.4 3
1921 0.010209798812866211 0.4 3
1927 0.10439300537109375 0.4 2
1927 0.08542227745056152 0.4 2
1927 0.1802835464477539 0.4 2
1928 0.1296086311340332 0.4 2
1928 0.16106677055358887 0.4 2
1970 0.008550405502319336 0.4 2
1971 0.008595705032348633 0.4 2
1973 0.008462667465209961 0.4 2
1975 0.00959920883178711 0.4 2
1976 0.009282350540161133 0.4 2
2000 0.011502742767333984 0.4 2
2002 0.005917072296142578 0.4 2
2003 0.009318351745605469 0.4 2
2005 0.0074117183685302734 0.4 2
2007 0.007308483123779297 0.4 2
2029 0.007048845291137695 0.4 2
2031 0.007425546646118164 0.4 2
2033 0.0068819522857666016 0.4 2
2035 0.006471395492553711 0.4 2
2036 0.009418249130249023 0.4 2
2060 0.006593465805053711 0.4 2
2062 0.007886648178100586 0.4 2
2064 0.007185935974121094 0.4 2
2066 0.008590459823608398 0.4 2
2068 0.00737762451171875 0.4 2
2079 0.10338616371154785 0.5 2
2079 0.22703242301940918 0.5 2
2080 0.05803537368774414 0.5 2
2080 0.17545080184936523 0.5 2
2080 0.34215879440307617 0.5 2
2110 0.06401944160461426 0.4 2
2111 0.24567270278930664 0.4 2
2111 0.07311367988586426 0.4 2
2111 0.059250831604003906 0.4 2
2111 0.04295039176940918 0.4 2
2152 0.013659954071044922 0.4 2
2153 0.012224912643432617 0.4 2
2156 0.00861811637878418 0.4 2
2157 0.01074075698852539 0.4 2
2160 0.010213851928710938 0.4 2
2181 0.011041402816772461 0.4 2
2183 0.012428522109985352 0.4 2
2185 0.009467363357543945 0.4 2
2187 0.009115457534790039 0.4 2
2189 0.007786750793457031 0.4 2
2210 0.010266780853271484 0.4 2
2212 0.009332656860351562 0.4 2
2214 0.008733987808227539 0.4 2
2216 0.008935213088989258 0.4 2
2218 0.009745121002197266 0.4 2
2241 0.01418924331665039 0.4 2
2242 0.009832382202148438 0.4 2
2244 0.008629322052001953 0.4 2
2246 0.008349180221557617 0.4 2
2247 0.006386756896972656 0.4 2
2256 0.07413196563720703 0.4 1
2257 0.2683231830596924 0.4 1
2257 0.05514717102050781 0.4 1
2258 0.19483709335327148 0.4 1
2258 0.4572327136993408 0.4 1
2287 0.19005346298217773 0.5 1
2287 0.18125128746032715 0.5 1
2288 0.2555413246154785 0.5 1
2288 0.08415365219116211 0.5 1
2288 0.20213007926940918 0.5 1
2330 0.012573719024658203 0.5 1
2332 0.008783102035522461 0.5 1
2333 0.009188175201416016 0.5 1
2335 0.008892059326171875 0.5 1
2337 0.009253263473510742 0.5 1
2361 0.00972890853881836 0.5 1
2363 0.007895708084106445 0.5 1
2365 0.02682352066040039 0.5 1
2367 0.00633692741394043 0.5 1
2368 0.007421731948852539 0.5 1
2401 0.003175020217895508 0.6 1
2403 0.048772335052490234 0.6 1
2405 0.005527496337890625 0.6 1
2407 0.08589768409729004 0.6 1
2409 0.2039949893951416 0.6 1
2437 0.08338046073913574 0.6 2
2437 0.13948392868041992 0.6 2
2438 0.3049609661102295 0.6 2
2438 0.2508406639099121 0.6 2
2438 0.13888144493103027 0.6 2
2467 0.05304980278015137 0.6 3
2468 0.17776703834533691 0.6 3
2468 0.06446695327758789 0.6 3
2468 0.05595970153808594 0.6 3
2469 0.2052457332611084 0.6 3
2511 0.010228157043457031 0.6 3
2513 0.008189201354980469 0.6 3
2515 0.011884450912475586 0.6 3
2516 0.007432460784912109 0.6 3
2518 0.008053064346313477 0.6 3
2538 0.010850667953491211 0.6 3
2540 0.013021469116210938 0.6 3
2541 0.008315324783325195 0.6 3
2543 0.011513471603393555 0.6 3
2545 0.00922703742980957 0.6 3
2569 0.022551536560058594 0.6 3
2571 0.008297204971313477 0.6 3
2572 0.008350849151611328 0.6 3
2574 0.007508039474487305 0.6 3
2576 0.008640289306640625 0.6 3
2598 0.007818460464477539 0.6 3
2599 0.008051156997680664 0.6 3
2601 0.010981321334838867 0.6 3
2603 0.00910186767578125 0.6 3
2604 0.007919549942016602 0.6 3
2648 0.0037992000579833984 0.5 3
2650 0.003818035125732422 0.5 3
2652 0.06502556800842285 0.5 3
2654 0.0033111572265625 0.5 3
2655 0.08154511451721191 0.5 3
2680 0.28107619285583496 0.4 3
2681 0.09070253372192383 0.4 3
2681 0.4747650623321533 0.4 3
2681 0.12441086769104004 0.4 3
2682 0.2621002197265625 0.4 3
2720 0.015947818756103516 0.4 3
2722 0.013640165328979492 0.4 3
2724 0.014397859573364258 0.4 3
2726 0.011673927307128906 0.4 3
2728 0.010179519653320312 0.4 3
2750 0.011357784271240234 0.4 3
2752 0.008890390396118164 0.4 3
2754 0.023270845413208008 0.4 3
2756 0.008807659149169922 0.4 3
2758 0.010994911193847656 0.4 3
2781 0.008307456970214844 0.4 3
2783 0.01099538803100586 0.4 3
2785 0.00936436653137207 0.4 3
2787 0.012558460235595703 0.4 3
2789 0.009394645690917969 0.4 3
2812 0.00860142707824707 0.4 3
2813 0.019847869873046875 0.4 3
2816 0.008514165878295898 0.4 3
2818 0.0100555419921875 0.4 3
2819 0.008968830108642578 0.4 3
2828 0.07067036628723145 0.4 2
2829 0.08989882469177246 0.4 2
2829 0.06842374801635742 0.4 2
2830 0.0540163516998291 0.4 2
2830 0.07241964340209961 0.4 2
2858 0.16410183906555176 0.4 1
2858 0.03881120681762695 0.4 1
2859 0.24056339263916016 0.4 1
2859 0.12424135208129883 0.4 1
2860 0.09557676315307617 0.4 1
2895 0.05912423133850098 0.5 1
2896 0.30498456954956055 0.5 1
2896 0.5064985752105713 0.5 1
2897 0.1316823959350586 0.5 1
2897 0.25197362899780273 0.5 1
2935 0.013617753982543945 0.5 1
2938 0.011494159698486328 0.5 1
2940 0.007586240768432617 0.5 1
2943 0.01069331169128418 0.5 1
2946 0.009477376937866211 0.5 1
2983 0.05852079391479492 0.5 2
2984 0.06432819366455078 0.5 2
2985 0.08708691596984863 0.5 2
2986 0.3905355930328369 0.5 2
2987 0.1286146640777588 0.5 2
3031 0.009836912155151367 0.5 2
3033 0.013722419738769531 0.5 2
3036 0.009936332702636719 0.5 2
3038 0.014193296432495117 0.5 2
3041 0.011381149291992188 0.5 2
3118 0.1046450138092041 0.4 2
3121 0.004317283630371094 0.4 2
3124 0.004409074783325195 0.4 2
3127 0.06152629852294922 0.4 2
3129 0.00457453727722168 0.4 2
3178 0.05685758590698242 0.4 2
3180 0.12811040878295898 0.4 2
3183 0.08705592155456543 0.4 2
3185 0.015830039978027344 0.4 2
3189 0.023954153060913086 0.4 2
3237 0.05032610893249512 0.4 2
3239 0.04815411567687988 0.4 2
3241 0.012424707412719727 0.4 2
3243 0.013169527053833008 0.4 2
3245 0.012162446975708008 0.4 2
3296 0.011936426162719727 0.4 2
3298 0.010607242584228516 0.4 2
3300 0.020230531692504883 0.4 2
3302 0.010323047637939453 0.4 2
3304 0.009498357772827148 0.4 2
3356 0.008480072021484375 0.4 1
3358 0.009337186813354492 0.4 1
3360 0.00865316390991211 0.4 1
3361 0.01809859275817871 0.4 1
3363 0.0072672367095947266 0.4 1
3414 0.004502058029174805 0.4 2
3416 0.009157180786132812 0.4 2
3418 0.0033485889434814453 0.4 2
3419 0.06024289131164551 0.4 2
3420 0.042127132415771484 0.4 2
3438 0.009772777557373047 0.4 2
3439 0.01644110679626465 0.4 2
3441 0.0074999332427978516 0.4 2
3443 0.037818193435668945 0.4 2
3445 0.006435871124267578 0.4 2
3472 0.003508329391479492 0.4 3
3473 0.04446244239807129 0.4 3
3475 0.010431528091430664 0.4 3
3476 0.06240057945251465 0.4 3
3477 0.0603022575378418 0.4 3
3500 0.009642362594604492 0.4 3
3502 0.014774560928344727 0.4 3
3504 0.010601520538330078 0.4 3
3505 0.006730794906616211 0.4 3
3507 0.011954784393310547 0.4 3
3530 0.013544082641601562 0.4 3
3532 0.007992267608642578 0.4 3
3534 0.012174844741821289 0.4 3
3535 0.008270740509033203 0.4 3
3537 0.007750272750854492 0.4 3
3561 0.011304378509521484 0.4 3
3563 0.009301900863647461 0.4 3
3565 0.008098840713500977 0.4 3
3567 0.009098052978515625 0.4 3
3568 0.011658430099487305 0.4 3
3591 0.007340669631958008 0.4 3
3593 0.009002208709716797 0.4 3
3595 0.008759498596191406 0.4 3
3597 0.007043123245239258 0.4 3
3598 0.010142087936401367 0.4 3
3602 0.1513690948486328 0.4 3
3602 0.11945104598999023 0.4 3
3602 0.09846091270446777 0.4 3
