1 0.18609261512756348 0.5 1
1 0.06561613082885742 0.5 1
1 0.09385347366333008 0.5 1
2 0.09786272048950195 0.5 1
3 0.09369707107543945 0.5 1
38 0.06453633308410645 0.5 2
39 0.14655733108520508 0.5 2
39 0.09092330932617188 0.5 2
39 0.09178328514099121 0.5 2
40 0.048929691314697266 0.5 2
66 0.06049537658691406 0.5 3
67 0.13003087043762207 0.5 3
67 0.19419360160827637 0.5 3
67 0.1761918067932129 0.5 3
68 0.10547351837158203 0.5 3
126 0.06220269203186035 0.4 3
126 0.0652005672454834 0.4 3
127 0.051929473876953125 0.4 3
128 0.07522344589233398 0.4 3
128 0.060018301010131836 0.4 3
155 0.06484770774841309 0.4 3
155 0.053787946701049805 0.4 3
156 0.1155540943145752 0.4 3
156 0.08619308471679688 0.4 3
156 0.07413601875305176 0.4 3
186 0.12410235404968262 0.4 3
187 0.25501108169555664 0.4 3
187 0.08377480506896973 0.4 3
187 0.12200069427490234 0.4 3
188 0.2873353958129883 0.4 3
234 0.007106304168701172 0.4 3
237 0.0064544677734375 0.4 3
239 0.009050130844116211 0.4 3
241 0.00598454475402832 0.4 3
243 0.006726503372192383 0.4 3
276 0.12930774688720703 0.4 3
277 0.12561941146850586 0.4 3
277 0.15993094444274902 0.4 3
278 0.15858149528503418 0.4 3
278 0.16814041137695312 0.4 3
310 0.11905193328857422 0.4 3
311 0.05873394012451172 0.4 3
312 0.10506105422973633 0.4 3
313 0.08303976058959961 0.4 3
314 0.09961724281311035 0.4 3
360 0.005387783050537109 0.4 3
363 0.0074558258056640625 0.4 3
365 0.006244659423828125 0.4 3
367 0.006478071212768555 0.4 3
370 0.006380796432495117 0.4 3
402 0.20115256309509277 0.4 3
403 0.04346752166748047 0.4 3
405 0.11020684242248535 0.4 3
406 0.07790398597717285 0.4 3
407 0.12919187545776367 0.4 3
433 0.0816190242767334 0.4 3
434 0.08945798873901367 0.4 3
435 0.054595947265625 0.4 3
437 0.08045697212219238 0.4 3
438 0.0748441219329834 0.4 3
483 0.008583545684814453 0.4 3
486 0.006522655487060547 0.4 3
488 0.00614166259765625 0.4 3
491 0.006693363189697266 0.4 3
494 0.006208658218383789 0.4 3
538 0.008380651473999023 0.4 3
541 0.0061376094818115234 0.4 3
543 0.00623321533203125 0.4 3
547 0.006960868835449219 0.4 3
551 0.006422996520996094 0.4 3
600 0.00813436508178711 0.4 3
602 0.007710695266723633 0.4 3
605 0.007075786590576172 0.4 3
607 0.0071980953216552734 0.4 3
610 0.007320880889892578 0.4 3
661 0.008089065551757812 0.4 3
664 0.007247209548950195 0.4 3
667 0.006825447082519531 0.4 3
670 0.006733894348144531 0.4 3
672 0.007433652877807617 0.4 3
708 0.05491280555725098 0.4 3
709 0.03849005699157715 0.4 3
710 0.04851245880126953 0.4 3
711 0.04852414131164551 0.4 3
713 0.044719696044921875 0.4 3
753 0.008275985717773438 0.4 2
756 0.0061681270599365234 0.4 2
758 0.1724381446838379 0.4 2
759 0.11025619506835938 0.4 2
760 0.057797908782958984 0.4 2
822 0.0030062198638916016 0.5 2
824 0.00397181510925293 0.5 2
826 0.04082894325256348 0.5 2
828 0.005662679672241211 0.5 2
829 0.0038001537322998047 0.5 2
859 0.038712501525878906 0.5 2
860 0.0594487190246582 0.5 2
861 0.040264129638671875 0.5 2
862 0.0481264591217041 0.5 2
863 0.054398536682128906 0.5 2
893 0.009068012237548828 0.5 2
896 0.008354425430297852 0.5 2
898 0.007817745208740234 0.5 2
900 0.007330894470214844 0.5 2
903 0.005855560302734375 0.5 2
956 0.007700204849243164 0.5 2
959 0.0059719085693359375 0.5 2
962 0.009005069732666016 0.5 2
965 0.008438587188720703 0.5 2
967 0.006022930145263672 0.5 2
998 0.08577132225036621 0.5 3
999 0.7741208076477051 0.5 3
999 0.06031060218811035 0.5 3
1000 0.24599361419677734 0.5 3
1000 0.1650986671447754 0.5 3
1048 0.006163120269775391 0.5 3
1050 0.008137941360473633 0.5 3
1052 0.00906825065612793 0.5 3
1055 0.007143735885620117 0.5 3
1057 0.004960298538208008 0.5 3
1087 0.08746790885925293 0.5 3
1087 0.04809212684631348 0.5 3
1088 0.2104179859161377 0.5 3
1088 0.07446074485778809 0.5 3
1088 0.07285451889038086 0.5 3
1117 0.08517742156982422 0.5 3
1117 0.08955931663513184 0.5 3
1118 0.11976337432861328 0.5 3
1118 0.09533309936523438 0.5 3
1119 0.12923026084899902 0.5 3
1148 0.14014005661010742 0.5 3
1148 0.3589966297149658 0.5 3
1149 0.1129295825958252 0.5 3
1149 0.07103681564331055 0.5 3
1150 0.1291661262512207 0.5 3
1213 0.037532806396484375 0.4 3
1214 0.05402421951293945 0.4 3
1215 0.05485820770263672 0.4 3
1216 0.07591819763183594 0.4 3
1217 0.062128305435180664 0.4 3
1251 0.009937047958374023 0.4 3
1253 0.009017705917358398 0.4 3
1256 0.05452466011047363 0.4 3
1258 0.009670257568359375 0.4 3
1260 0.008727312088012695 0.4 3
1280 0.05364656448364258 0.4 3
1281 0.03476715087890625 0.4 3
1282 0.048377037048339844 0.4 3
1284 0.04681754112243652 0.4 3
1285 0.03859424591064453 0.4 3
1299 0.0807492733001709 0.4 2
1300 0.06903290748596191 0.4 2
1300 0.09051990509033203 0.4 2
1301 0.243605375289917 0.4 2
1301 0.09471511840820312 0.4 2
1332 0.04816293716430664 0.5 2
1333 0.11030721664428711 0.5 2
1333 0.21622514724731445 0.5 2
1333 0.1048727035522461 0.5 2
1334 0.21948838233947754 0.5 2
1360 0.15551137924194336 0.5 3
1361 0.623673677444458 0.5 3
1361 0.06808590888977051 0.5 3
1362 0.1411128044128418 0.5 3
1363 0.12030959129333496 0.5 3
1398 0.3922135829925537 0.4 3
1398 0.24669575691223145 0.4 3
1399 0.1172494888305664 0.4 3
1399 0.1712496280670166 0.4 3
1400 0.14911389350891113 0.4 3
1434 0.01022481918334961 0.4 3
1437 0.009360313415527344 0.4 3
1439 0.00869894027709961 0.4 3
1442 0.009490489959716797 0.4 3
1445 0.009128808975219727 0.4 3
1497 0.009551525115966797 0.4 3
1500 0.008876800537109375 0.4 3
1502 0.008145809173583984 0.4 3
1505 0.006382465362548828 0.4 3
1507 0.008017539978027344 0.4 3
1560 0.00799560546875 0.4 3
1563 0.007265329360961914 0.4 3
1566 0.009120464324951172 0.4 3
1570 0.00655674934387207 0.4 3
1574 0.007965564727783203 0.4 3
1631 0.006400108337402344 0.4 3
1634 0.00982356071472168 0.4 3
1634 0.009846687316894531 0.4 3
1638 0.009015321731567383 0.4 3
1642 0.0070552825927734375 0.4 3
1674 0.05337405204772949 0.4 3
1677 0.14403223991394043 0.4 3
1680 0.054712533950805664 0.4 3
1683 0.007262706756591797 0.4 3
1685 0.0077860355377197266 0.4 3
1741 0.006985902786254883 0.4 2
1744 0.06442022323608398 0.4 2
1747 0.00814366340637207 0.4 2
1749 0.007704734802246094 0.4 2
1752 0.008543014526367188 0.4 2
1825 0.03425931930541992 0.5 2
1827 0.0037364959716796875 0.5 2
1828 0.0872645378112793 0.5 2
1830 0.004674434661865234 0.5 2
1831 0.09254145622253418 0.5 2
1848 0.06634068489074707 0.5 2
1850 0.11993002891540527 0.5 2
1851 0.05475282669067383 0.5 2
1853 0.04870343208312988 0.5 2
1854 0.04702305793762207 0.5 2
1872 0.05877399444580078 0.4 2
1872 0.05783367156982422 0.4 2
1872 0.0797722339630127 0.4 2
1873 0.185652494430542 0.4 2
1873 0.5053267478942871 0.4 2
1912 0.0061452388763427734 0.4 2
1915 0.006213665008544922 0.4 2
1917 0.019629955291748047 0.4 2
1919 0.007903099060058594 0.4 2
1922 0.008434534072875977 0.4 2
1957 0.08589577674865723 0.4 3
1957 0.09405374526977539 0.4 3
1958 0.10808658599853516 0.4 3
1958 0.22677278518676758 0.4 3
1958 0.0430600643157959 0.4 3
2004 0.025684595108032227 0.4 3
2007 0.00801539421081543 0.4 3
2009 0.007567882537841797 0.4 3
2011 0.007675647735595703 0.4 3
2014 0.008041858673095703 0.4 3
2067 0.010152101516723633 0.4 3
2069 0.00911712646484375 0.4 3
2072 0.007579803466796875 0.4 3
2074 0.0073757171630859375 0.4 3
2076 0.04439830780029297 0.4 3
2127 0.00852203369140625 0.4 3
2130 0.006833076477050781 0.4 3
2132 0.005423784255981445 0.4 3
2135 0.007340431213378906 0.4 3
2138 0.004980564117431641 0.4 3
2189 0.005885601043701172 0.4 3
2192 0.00624847412109375 0.4 3
2194 0.005894184112548828 0.4 3
2197 0.006841182708740234 0.4 3
2200 0.006479740142822266 0.4 3
2246 0.008795499801635742 0.4 3
2248 0.008615970611572266 0.4 3
2250 0.005623817443847656 0.4 3
2252 0.00663304328918457 0.4 3
2255 0.006189823150634766 0.4 3
2304 0.008882522583007812 0.4 3
2307 0.008462667465209961 0.4 3
2310 0.007035732269287109 0.4 3
2312 0.008291006088256836 0.4 3
2314 0.00868988037109375 0.4 3
2366 0.008362770080566406 0.4 3
2368 0.008867025375366211 0.4 3
2370 0.007753133773803711 0.4 3
2373 0.006317853927612305 0.4 3
2375 0.0076580047607421875 0.4 3
2428 0.006194353103637695 0.4 3
2430 0.006129026412963867 0.4 3
2433 0.007457256317138672 0.4 3
2436 0.006842851638793945 0.4 3
2438 0.00547027587890625 0.4 3
2486 0.007897377014160156 0.4 3
2489 0.006713151931762695 0.4 3
2491 0.006430625915527344 0.4 3
2493 0.005934000015258789 0.4 3
2496 0.008884668350219727 0.4 3
2543 0.006453514099121094 0.4 3
2545 0.007051229476928711 0.4 3
2547 0.008003473281860352 0.4 3
2549 0.00875711441040039 0.4 3
2551 0.007937192916870117 0.4 3
2556 0.05472874641418457 0.4 3
2556 0.09491205215454102 0.4 3
2557 0.06552290916442871 0.4 3
2557 0.12064790725708008 0.4 3
2557 0.1410388946533203 0.4 3
2585 0.09008526802062988 0.4 3
2586 0.06441116333007812 0.4 3
2586 0.29680681228637695 0.4 3
2586 0.06491494178771973 0.4 3
2587 0.06363725662231445 0.4 3
2614 0.14587807655334473 0.4 3
2615 0.07523703575134277 0.4 3
2615 0.07695865631103516 0.4 3
2615 0.03833818435668945 0.4 3
2616 0.1917884349822998 0.4 3
2646 0.16897296905517578 0.4 2
2647 0.044656991958618164 0.4 2
2647 0.10521078109741211 0.4 2
2647 0.07983589172363281 0.4 2
2648 0.21867680549621582 0.4 2
2676 0.2021806240081787 0.4 1
2677 0.36553430557250977 0.4 1
2677 0.19164395332336426 0.4 1
2677 0.27211928367614746 0.4 1
2677 0.2807316780090332 0.4 1
2716 0.05074810981750488 0.4 1
2717 0.38080310821533203 0.4 1
2718 0.023481369018554688 0.4 1
2719 0.020990848541259766 0.4 1
2720 0.146867036819458 0.4 1
2746 0.05449819564819336 0.4 1
2748 0.02040696144104004 0.4 1
2749 0.020494937896728516 0.4 1
2751 0.14102673530578613 0.4 1
2752 0.06109285354614258 0.4 1
2767 0.11663579940795898 0.4 2
2767 0.17604732513427734 0.4 2
2768 0.16438984870910645 0.4 2
2768 0.07567381858825684 0.4 2
2769 0.07185029983520508 0.4 2
2798 0.15010499954223633 0.4 1
2798 0.15511560440063477 0.4 1
2799 0.05629229545593262 0.4 1
2799 0.18466758728027344 0.4 1
2800 0.11541271209716797 0.4 1
2828 0.0890665054321289 0.4 1
2829 0.06289219856262207 0.4 1
2830 0.3474006652832031 0.4 1
2830 0.20199918746948242 0.4 1
2831 0.22701168060302734 0.4 1
2870 0.023842334747314453 0.4 1
2872 0.18841099739074707 0.4 1
2873 0.020400047302246094 0.4 1
2875 0.07477760314941406 0.4 1
2877 0.05727410316467285 0.4 1
2891 0.07828521728515625 0.4 2
2891 0.03270673751831055 0.4 2
2892 0.10334444046020508 0.4 2
2893 0.08752870559692383 0.4 2
2893 0.19038939476013184 0.4 2
2933 0.024950265884399414 0.4 2
2935 0.009361028671264648 0.4 2
2937 0.020524024963378906 0.4 2
2940 0.021270751953125 0.4 2
2942 0.054958343505859375 0.4 2
3001 0.007589101791381836 0.4 2
3004 0.021753787994384766 0.4 2
3006 0.010495185852050781 0.4 2
3009 0.007712125778198242 0.4 2
3011 0.03180098533630371 0.4 2
3061 0.024290084838867188 0.4 2
3065 0.0068476200103759766 0.4 2
3067 0.019718647003173828 0.4 2
3070 0.007122039794921875 0.4 2
3075 0.038208961486816406 0.4 2
3128 0.22902274131774902 0.5 2
3131 0.11552047729492188 0.5 2
3132 0.07347536087036133 0.5 2
3135 0.11279129981994629 0.5 2
3136 0.0890507698059082 0.5 2
3181 0.019702911376953125 0.5 2
3184 0.012126684188842773 0.5 2
3187 0.009684324264526367 0.5 2
3190 0.010201692581176758 0.5 2
3193 0.020447492599487305 0.5 2
3245 0.0040013790130615234 0.6 2
3246 0.015491962432861328 0.6 2
3248 0.013030529022216797 0.6 2
3250 0.011636972427368164 0.6 2
3252 0.0691215991973877 0.6 2
3303 0.007041454315185547 0.6 1
3306 0.02091526985168457 0.6 1
3308 0.006847381591796875 0.6 1
3309 0.06631183624267578 0.6 1
3310 0.05364656448364258 0.6 1
3337 0.054746389389038086 0.6 1
3338 0.07009530067443848 0.6 1
3338 0.05478405952453613 0.6 1
3339 0.1714019775390625 0.6 1
3339 0.04304075241088867 0.6 1
3386 0.04732799530029297 0.6 1
3388 0.006543874740600586 0.6 1
3391 0.005820035934448242 0.6 1
3393 0.0067408084869384766 0.6 1
3395 0.00693821907043457 0.6 1
3443 0.006518840789794922 0.6 1
3445 0.0814673900604248 0.6 1
3447 0.006673097610473633 0.6 1
3449 0.005381345748901367 0.6 1
3452 0.005737781524658203 0.6 1
3503 0.006735801696777344 0.6 1
3505 0.005432605743408203 0.6 1
3507 0.006032228469848633 0.6 1
3509 0.02062368392944336 0.6 1
3510 0.020377397537231445 0.6 1
3522 0.05418109893798828 0.6 1
3523 0.05476808547973633 0.6 1
3524 0.050484418869018555 0.6 1
3525 0.045749664306640625 0.6 1
3526 0.06064581871032715 0.6 1
3559 0.02381443977355957 0.6 1
3561 0.021181344985961914 0.6 1
3563 0.02129054069519043 0.6 1
3564 0.024074316024780273 0.6 1
3566 0.06949424743652344 0.6 1
3589 0.019788265228271484 0.6 1
3591 0.01755213737487793 0.6 1
3593 0.019390106201171875 0.6 1
3594 0.020561933517456055 0.6 1
3596 0.01934647560119629 0.6 1
3602 0.7745544910430908 0.7 1
3602 0.15961480140686035 0.7 1
3602 0.34249234199523926 0.7 1
3602 0.2799983024597168 0.7 1
3602 0.2560999393463135 0.7 1
13 0.07049417495727539 0.7 1
15 0.00933837890625 0.7 1
17 0.08358240127563477 0.7 1
18 0.006300449371337891 0.7 1
20 0.006555080413818359 0.7 1
53 0.01349186897277832 0.7 1
55 0.0068514347076416016 0.7 1
57 0.007073879241943359 0.7 1
59 0.0059051513671875 0.7 1
61 0.06587743759155273 0.7 1
65 0.049262285232543945 0.7 1
65 0.08420419692993164 0.7 1
66 0.09474444389343262 0.7 1
66 0.09088921546936035 0.7 1
66 0.10317707061767578 0.7 1
95 0.06220412254333496 0.8 1
96 0.08072161674499512 0.8 1
96 0.10105490684509277 0.8 1
97 0.1580805778503418 0.8 1
97 0.05792236328125 0.8 1
144 0.0058135986328125 0.8 1
147 0.00655674934387207 0.8 1
149 0.007619380950927734 0.8 1
152 0.007176876068115234 0.8 1
154 0.007749319076538086 0.8 1
185 0.1139993667602539 0.8 1
186 0.13470196723937988 0.8 1
186 0.08286666870117188 0.8 1
187 0.2909834384918213 0.8 1
187 0.04315924644470215 0.8 1
236 0.006087779998779297 0.8 1
238 0.00518798828125 0.8 1
240 0.006155729293823242 0.8 1
243 0.0060384273529052734 0.8 1
245 0.00833439826965332 0.8 1
292 0.021260738372802734 0.8 1
294 0.020751476287841797 0.8 1
295 0.020990848541259766 0.8 1
297 0.023317813873291016 0.8 1
299 0.06702899932861328 0.8 1
308 0.07935237884521484 0.8 1
309 0.38837695121765137 0.8 1
310 0.0630958080291748 0.8 1
311 0.08520817756652832 0.8 1
311 0.07399392127990723 0.8 1
355 0.01834392547607422 0.8 1
357 0.018520832061767578 0.8 1
359 0.020880699157714844 0.8 1
362 0.019460439682006836 0.8 1
365 0.023030996322631836 0.8 1
418 0.020081758499145508 0.8 1
420 0.020150184631347656 0.8 1
423 0.022869110107421875 0.8 1
425 0.017017841339111328 0.8 1
428 0.05805206298828125 0.8 1
477 0.02306389808654785 0.8 1
480 0.021839618682861328 0.8 1
482 0.01869964599609375 0.8 1
484 0.02121424674987793 0.8 1
487 0.05827665328979492 0.8 1
544 0.012385129928588867 0.9 1
546 0.01281118392944336 0.9 1
549 0.010944604873657227 0.9 1
551 0.010029315948486328 0.9 1
553 0.009615659713745117 0.9 1
583 0.15164637565612793 1.0 1
584 0.20369815826416016 1.0 1
585 0.22377324104309082 1.0 1
585 0.14349913597106934 1.0 1
586 0.29219508171081543 1.0 1
630 0.00791025161743164 1.0 1
632 0.007581949234008789 1.0 1
634 0.008143901824951172 1.0 1
637 0.006838321685791016 1.0 1
640 0.0070400238037109375 1.0 1
690 0.0071582794189453125 1.0 1
693 0.007695674896240234 1.0 1
696 0.006287574768066406 1.0 1
698 0.006613969802856445 1.0 1
701 0.005675554275512695 1.0 1
748 0.007493495941162109 1.0 1
750 0.008287429809570312 1.0 1
753 0.008849859237670898 1.0 1
755 0.0076198577880859375 1.0 1
758 0.005774259567260742 1.0 1
807 0.012167215347290039 1.0 1
809 0.0066030025482177734 1.0 1
812 0.007658481597900391 1.0 1
814 0.006280183792114258 1.0 1
817 0.009340524673461914 1.0 1
867 0.0064356327056884766 1.0 1
870 0.005415201187133789 1.0 1
872 0.00624847412109375 1.0 1
875 0.005952596664428711 1.0 1
877 0.0054018497467041016 1.0 1
921 0.01710367202758789 1.0 1
923 0.02100658416748047 1.0 1
925 0.01911163330078125 1.0 1
927 0.018152475357055664 1.0 1
929 0.0599367618560791 1.0 1
950 0.022104263305664062 1.0 1
952 0.02076101303100586 1.0 1
954 0.02076864242553711 1.0 1
956 0.039536476135253906 1.0 1
958 0.052713871002197266 1.0 1
982 0.012197256088256836 1.0 1
984 0.02306365966796875 1.0 1
986 0.020050048828125 1.0 1
988 0.020612239837646484 1.0 1
990 0.06433606147766113 1.0 1
1012 0.019373416900634766 1.0 1
1014 0.017844438552856445 1.0 1
1016 0.020436763763427734 1.0 1
1017 0.0383608341217041 1.0 1
1019 0.06202864646911621 1.0 1
1041 0.02408456802368164 1.0 1
1044 0.022402524948120117 1.0 1
1046 0.020092248916625977 1.0 1
1048 0.017404794692993164 1.0 1
1050 0.04908561706542969 1.0 1
1073 0.02453899383544922 1.0 1
1075 0.021149158477783203 1.0 1
1077 0.013752460479736328 1.0 1
1078 0.022644519805908203 1.0 1
1080 0.04992365837097168 1.0 1
1085 0.094390869140625 1.0 1
1085 0.11804604530334473 1.0 1
1086 0.1300208568572998 1.0 1
1086 0.16101527214050293 1.0 1
1087 0.3077571392059326 1.0 1
1130 0.015316247940063477 1.0 1
1132 0.01789546012878418 1.0 1
1134 0.019379615783691406 1.0 1
1136 0.019608259201049805 1.0 1
1137 0.01649332046508789 1.0 1
1145 0.23436880111694336 1.0 1
1145 0.07487201690673828 1.0 1
1146 0.17113327980041504 1.0 1
1147 0.21027612686157227 1.0 1
1147 0.05968904495239258 1.0 1
1176 0.08199357986450195 1.0 1
1176 0.08499741554260254 1.0 1
1177 0.06873917579650879 1.0 1
1177 0.13216066360473633 1.0 1
1178 0.13121819496154785 1.0 1
1208 0.07537674903869629 1.0 1
1208 0.236236572265625 1.0 1
1209 0.06475067138671875 1.0 1
1209 0.06357383728027344 1.0 1
1210 0.0701146125793457 1.0 1
1252 0.020239830017089844 1.0 1
1254 0.016937732696533203 1.0 1
1256 0.023106813430786133 1.0 1
1257 0.017767906188964844 1.0 1
1259 0.02426886558532715 1.0 1
1282 0.05746650695800781 1.0 1
1283 0.06814789772033691 1.0 1
1284 0.06171846389770508 1.0 1
1285 0.0551145076751709 1.0 1
1286 0.06768131256103516 1.0 1
1313 0.021418094635009766 1.0 1
1315 0.021233797073364258 1.0 1
1317 0.021434307098388672 1.0 1
1319 0.03544759750366211 1.0 1
1321 0.02079606056213379 1.0 1
1343 0.01947951316833496 1.0 1
1345 0.019512176513671875 1.0 1
1348 0.022886991500854492 1.0 1
1350 0.023612499237060547 1.0 1
1352 0.019188404083251953 1.0 1
1389 0.15043926239013672 1.0 1
1390 0.08336496353149414 1.0 1
1391 0.28143906593322754 1.0 1
1392 0.0646047592163086 1.0 1
1393 0.08341550827026367 1.0 1
1434 0.019882917404174805 1.0 1
1437 0.020186662673950195 1.0 1
1439 0.02097916603088379 1.0 1
1441 0.020722627639770508 1.0 1
1443 0.05884242057800293 1.0 1
1499 0.021325111389160156 1.0 1
1501 0.02080368995666504 1.0 1
1505 0.020584821701049805 1.0 1
1508 0.020441532135009766 1.0 1
1509 0.01920342445373535 1.0 1
1542 0.12112641334533691 1.0 1
1544 0.21155285835266113 1.0 1
1546 0.11412358283996582 1.0 1
1547 0.11367106437683105 1.0 1
1549 0.14365863800048828 1.0 1
1579 0.15685153007507324 1.0 1
1581 0.1298809051513672 1.0 1
1582 0.05912637710571289 1.0 1
1584 0.09888553619384766 1.0 1
1585 0.04805326461791992 1.0 1
1621 0.01997995376586914 1.0 1
1624 0.020341873168945312 1.0 1
1627 0.02038407325744629 1.0 1
1629 0.01960897445678711 1.0 1
1630 0.03184247016906738 1.0 1
1679 0.02084040641784668 1.0 1
1681 0.01913928985595703 1.0 1
1681 0.02010798454284668 1.0 1
1683 0.020609140396118164 1.0 1
1685 0.0474245548248291 1.0 1
1743 0.02032160758972168 1.0 1
1745 0.03733086585998535 1.0 1
1748 0.020878076553344727 1.0 1
1751 0.022505760192871094 1.0 1
1754 0.021108388900756836 1.0 1
1794 0.06628656387329102 1.0 1
1797 0.06418657302856445 1.0 1
1799 0.06121492385864258 1.0 1
1802 0.03242325782775879 1.0 1
1805 0.01981639862060547 1.0 1
1856 0.02012038230895996 1.0 1
1858 0.019328832626342773 1.0 1
1860 0.018729686737060547 1.0 1
1862 0.02167344093322754 1.0 1
1864 0.061460256576538086 1.0 1
1913 0.01795363426208496 1.0 1
1915 0.019159317016601562 1.0 1
1917 0.02187061309814453 1.0 1
1919 0.02241063117980957 1.0 1
1921 0.03299283981323242 1.0 1
1926 0.050002098083496094 1.0 1
1926 0.1157991886138916 1.0 1
1927 0.05373954772949219 1.0 1
1927 0.06451749801635742 1.0 1
1927 0.10509920120239258 1.0 1
1970 0.012546300888061523 1.0 1
1971 0.0193483829498291 1.0 1
1973 0.015592336654663086 1.0 1
1975 0.023413658142089844 1.0 1
1976 0.06516313552856445 1.0 1
2000 0.021770477294921875 1.0 1
2002 0.028588056564331055 1.0 1
2003 0.01906728744506836 1.0 1
2005 0.03995919227600098 1.0 1
2007 0.06780123710632324 1.0 1
2029 0.01754140853881836 1.0 1
2031 0.022830963134765625 1.0 1
2033 0.019568920135498047 1.0 1
2035 0.025800704956054688 1.0 1
2037 0.06949663162231445 1.0 1
2060 0.023052692413330078 1.0 1
2062 0.021762371063232422 1.0 1
2064 0.024518251419067383 1.0 1
2066 0.022150754928588867 1.0 1
2068 0.05919313430786133 1.0 1
2076 0.19092440605163574 1.0 1
2076 0.13379931449890137 1.0 1
2077 0.05716276168823242 1.0 1
2077 0.4532186985015869 1.0 1
2077 0.08954405784606934 1.0 1
2106 0.09767413139343262 1.0 1
2107 0.09106183052062988 1.0 1
2107 0.2740151882171631 1.0 1
2108 0.0897836685180664 1.0 1
2108 0.11009526252746582 1.0 1
2152 0.020713090896606445 1.0 1
2153 0.02295827865600586 1.0 1
2156 0.021733999252319336 1.0 1
2158 0.022020339965820312 1.0 1
2160 0.05642509460449219 1.0 1
2181 0.019984960556030273 1.0 1
2183 0.021252870559692383 1.0 1
2185 0.019251585006713867 1.0 1
2187 0.03384852409362793 1.0 1
2189 0.06508970260620117 1.0 1
2210 0.02173161506652832 1.0 1
2212 0.019709348678588867 1.0 1
2214 0.02057337760925293 1.0 1
2216 0.01916813850402832 1.0 1
2218 0.05148434638977051 1.0 1
2241 0.01569223403930664 1.0 1
2242 0.02128314971923828 1.0 1
2244 0.019053936004638672 1.0 1
2246 0.02144169807434082 1.0 1
2247 0.07126474380493164 1.0 1
2256 0.16394257545471191 1.0 1
2256 0.12369537353515625 1.0 1
2256 0.07868099212646484 1.0 1
2257 0.18523120880126953 1.0 1
2257 0.06754803657531738 1.0 1
2285 0.09798622131347656 1.0 1
2285 0.17056679725646973 1.0 1
2286 0.624772310256958 1.0 1
2286 0.37773680686950684 1.0 1
2287 0.2776951789855957 1.0 1
2330 0.019320964813232422 1.0 1
2332 0.020279645919799805 1.0 1
2333 0.01860523223876953 1.0 1
2335 0.01745319366455078 1.0 1
2337 0.07982397079467773 1.0 1
2361 0.018649578094482422 1.0 1
2363 0.01895928382873535 1.0 1
2365 0.021256685256958008 1.0 1
2367 0.024864912033081055 1.0 1
2368 0.053093671798706055 1.0 1
2391 0.02341485023498535 1.0 1
2393 0.012837886810302734 1.0 1
2395 0.019418954849243164 1.0 1
2397 0.02025008201599121 1.0 1
2399 0.022204875946044922 1.0 1
2416 0.060097694396972656 1.0 1
2417 0.0502467155456543 1.0 1
2418 0.06550455093383789 1.0 1
2419 0.05763077735900879 1.0 1
2420 0.046997785568237305 1.0 1
2436 0.10558748245239258 1.0 1
2436 0.06275010108947754 1.0 1
2437 0.15019536018371582 1.0 1
2438 0.3250570297241211 1.0 1
2438 0.38132643699645996 1.0 1
2466 0.12106442451477051 1.0 1
2467 0.07855963706970215 1.0 1
2467 0.0803079605102539 1.0 1
2468 0.0817406177520752 1.0 1
2468 0.07398748397827148 1.0 1
2511 0.036064863204956055 1.0 1
2513 0.018134355545043945 1.0 1
2515 0.026037931442260742 1.0 1
2516 0.018007516860961914 1.0 1
2518 0.05127739906311035 1.0 1
2538 0.02157306671142578 1.0 1
2540 0.018707990646362305 1.0 1
2541 0.020294666290283203 1.0 1
2543 0.021175384521484375 1.0 1
2545 0.07043814659118652 1.0 1
2569 0.023379087448120117 1.0 1
2571 0.020806550979614258 1.0 1
2572 0.022075414657592773 1.0 1
2574 0.018972158432006836 1.0 1
2576 0.057318925857543945 1.0 1
2598 0.01946401596069336 1.0 1
2599 0.022047042846679688 1.0 1
2601 0.019554615020751953 1.0 1
2603 0.024171829223632812 1.0 1
2604 0.06374621391296387 1.0 1
2629 0.023251056671142578 1.0 1
2630 0.0351259708404541 1.0 1
2632 0.03261590003967285 1.0 1
2634 0.01930546760559082 1.0 1
2635 0.022644519805908203 1.0 1
2658 0.06027865409851074 1.0 1
2659 0.07653641700744629 1.0 1
2660 0.06042838096618652 1.0 1
2661 0.05505871772766113 1.0 1
2661 0.06672787666320801 1.0 1
2676 0.0794377326965332 1.0 1
2676 0.05526471138000488 1.0 1
2677 0.24154329299926758 1.0 1
2677 0.21977734565734863 1.0 1
2678 0.0647118091583252 1.0 1
2720 0.04268813133239746 1.0 1
2722 0.022859811782836914 1.0 1
2724 0.017812490463256836 1.0 1
2726 0.02112269401550293 1.0 1
2728 0.05921626091003418 1.0 1
2750 0.03712296485900879 1.0 1
2752 0.02458024024963379 1.0 1
2754 0.01952958106994629 1.0 1
2756 0.020770788192749023 1.0 1
2758 0.06678295135498047 1.0 1
2781 0.026673316955566406 1.0 1
2783 0.019062280654907227 1.0 1
2785 0.019568681716918945 1.0 1
2787 0.021448612213134766 1.0 1
2789 0.04624795913696289 1.0 1
2812 0.019224166870117188 1.0 1
2813 0.021127700805664062 1.0 1
2816 0.023528337478637695 1.0 1
2818 0.02107405662536621 1.0 1
2819 0.04824233055114746 1.0 1
2827 0.13038158416748047 1.0 1
2827 0.12794280052185059 1.0 1
2828 0.06914019584655762 1.0 1
2829 0.08486485481262207 1.0 1
2829 0.05482816696166992 1.0 1
2857 0.0651705265045166 1.0 1
2858 0.1695547103881836 1.0 1
2858 0.1892528533935547 1.0 1
2859 0.14630508422851562 1.0 1
2859 0.06948423385620117 1.0 1
2891 0.0665593147277832 1.0 1
2892 0.07493162155151367 1.0 1
2892 0.17950820922851562 1.0 1
2893 0.06515240669250488 1.0 1
2894 0.1950538158416748 1.0 1
2935 0.017323970794677734 1.0 1
2938 0.01911306381225586 1.0 1
2940 0.019942760467529297 1.0 1
2943 0.02494215965270996 1.0 1
2946 0.060990333557128906 1.0 1
2981 0.3261077404022217 1.0 1
2982 0.19838738441467285 1.0 1
2984 0.07993030548095703 1.0 1
2984 0.12321949005126953 1.0 1
2986 0.10515856742858887 1.0 1
3031 0.02225327491760254 1.0 1
3033 0.023272037506103516 1.0 1
3036 0.020421981811523438 1.0 1
3038 0.018187522888183594 1.0 1
3041 0.0600123405456543 1.0 1
3091 0.018846511840820312 1.0 1
3092 0.020113706588745117 1.0 1
3096 0.021023988723754883 1.0 1
3098 0.018257856369018555 1.0 1
3101 0.01928400993347168 1.0 1
3145 0.054875850677490234 1.0 1
3148 0.05647134780883789 1.0 1
3149 0.05542445182800293 1.0 1
3153 0.04162192344665527 1.0 1
3155 0.020714521408081055 1.0 1
3209 0.08154487609863281 1.0 1
3211 0.021056413650512695 1.0 1
3213 0.019714832305908203 1.0 1
3216 0.031009435653686523 1.0 1
3219 0.020012617111206055 1.0 1
3259 0.0602719783782959 1.0 1
3261 0.05776667594909668 1.0 1
3263 0.06479740142822266 1.0 1
3264 0.05499744415283203 1.0 1
3266 0.06519031524658203 1.0 1
3296 0.02088785171508789 1.0 1
3298 0.020786523818969727 1.0 1
3300 0.03635978698730469 1.0 1
3302 0.03647041320800781 1.0 1
3304 0.0629723072052002 1.0 1
3352 0.019811391830444336 1.0 1
3354 0.019801855087280273 1.0 1
3356 0.01849985122680664 1.0 1
3358 0.02225041389465332 1.0 1
3360 0.017969131469726562 1.0 1
3371 0.08499550819396973 1.0 1
3372 0.062417030334472656 1.0 1
3373 0.0738673210144043 1.0 1
3374 0.059336185455322266 1.0 1
3375 0.07166504859924316 1.0 1
3410 0.02026057243347168 1.0 1
3412 0.03787660598754883 1.0 1
3414 0.020345687866210938 1.0 1
3416 0.02324056625366211 1.0 1
3418 0.016994237899780273 1.0 1
3438 0.023772716522216797 1.0 1
3439 0.018278837203979492 1.0 1
3441 0.023730754852294922 1.0 1
3443 0.02010369300842285 1.0 1
3445 0.040593862533569336 1.0 1
3468 0.01826786994934082 1.0 1
3470 0.020157814025878906 1.0 1
3472 0.019797086715698242 1.0 1
3473 0.022195816040039062 1.0 1
3475 0.020682096481323242 1.0 1
3500 0.021791458129882812 1.0 1
3502 0.026567697525024414 1.0 1
3504 0.01760721206665039 1.0 1
3505 0.019192218780517578 1.0 1
3507 0.05557084083557129 1.0 1
3530 0.02245783805847168 1.0 1
3532 0.02069091796875 1.0 1
3534 0.03493475914001465 1.0 1
3535 0.020961999893188477 1.0 1
3537 0.05942487716674805 1.0 1
3561 0.0245664119720459 1.0 1
3563 0.019271135330200195 1.0 1
3565 0.022948265075683594 1.0 1
3567 0.019843339920043945 1.0 1
3569 0.05589604377746582 1.0 1
3591 0.02050638198852539 1.0 1
3593 0.03890657424926758 1.0 1
3595 0.021525144577026367 1.0 1
3597 0.034478187561035156 1.0 1
3598 0.05972146987915039 1.0 1
3602 1.018813133239746 1.0 1
3602 0.144148588180542 1.0 1
3602 0.05823040008544922 1.0 1
3602 0.09396052360534668 1.0 1
3602 0.24458575248718262 1.0 1
6 0.14709925651550293 1.0 2
6 0.14111733436584473 1.0 2
7 0.07005071640014648 1.0 2
7 0.0627589225769043 1.0 2
8 0.04332780838012695 1.0 2
53 0.006263256072998047 1.0 1
55 0.012306451797485352 1.0 1
57 0.009648323059082031 1.0 1
59 0.007394552230834961 1.0 1
61 0.07758283615112305 1.0 1
83 0.018427371978759766 1.0 1
84 0.00638890266418457 1.0 1
87 0.0068318843841552734 1.0 1
89 0.007151603698730469 1.0 1
91 0.005701303482055664 1.0 1
115 0.005332469940185547 1.0 1
116 0.006058931350708008 1.0 1
118 0.004645824432373047 1.0 1
121 0.006072282791137695 1.0 1
123 0.005433320999145508 1.0 1
172 0.022164344787597656 1.0 1
174 0.005223989486694336 1.0 1
176 0.004317283630371094 1.0 1
177 0.007506132125854492 1.0 1
179 0.013720989227294922 1.0 1
196 0.0090179443359375 1.0 1
198 0.005904197692871094 1.0 1
199 0.0068247318267822266 1.0 1
200 0.005473613739013672 1.0 1
202 0.00460362434387207 1.0 1
224 0.059613704681396484 1.0 1
226 0.18923163414001465 1.0 1
227 0.09928536415100098 1.0 1
228 0.09618687629699707 1.0 1
229 0.016907453536987305 1.0 1
257 0.024110794067382812 1.0 1
259 0.07571077346801758 1.0 1
260 0.10057449340820312 1.0 1
262 0.01973104476928711 1.0 1
264 0.0729665756225586 1.0 1
288 0.09178376197814941 1.0 1
290 0.020582914352416992 1.0 1
291 0.07429361343383789 1.0 1
293 0.023761749267578125 1.0 1
294 0.07922244071960449 1.0 1
323 0.021912097930908203 1.0 1
325 0.0676414966583252 1.0 1
327 0.021629810333251953 1.0 1
329 0.03925275802612305 1.0 1
331 0.05217552185058594 1.0 1
354 0.05054926872253418 1.0 1
356 0.020183086395263672 1.0 1
358 0.01926255226135254 1.0 1
360 0.04008984565734863 1.0 1
363 0.021428823471069336 1.0 1
415 0.024509906768798828 1.0 1
418 0.021402597427368164 1.0 1
420 0.043596506118774414 1.0 1
423 0.02231907844543457 1.0 1
426 0.020610809326171875 1.0 1
478 0.02347564697265625 1.0 1
481 0.02117443084716797 1.0 1
484 0.02509784698486328 1.0 1
486 0.022919654846191406 1.0 1
488 0.025856494903564453 1.0 1
536 0.017705440521240234 1.0 1
539 0.020699739456176758 1.0 1
540 0.022141218185424805 1.0 1
543 0.033420562744140625 1.0 1
546 0.01972508430480957 1.0 1
597 0.03913307189941406 1.0 1
600 0.022170066833496094 1.0 1
602 0.020836591720581055 1.0 1
604 0.019482135772705078 1.0 1
607 0.017752408981323242 1.0 1
653 0.020100116729736328 1.0 1
655 0.02236032485961914 1.0 1
658 0.02113652229309082 1.0 1
660 0.019726276397705078 1.0 1
662 0.02416849136352539 1.0 1
712 0.02009272575378418 1.0 1
714 0.023548603057861328 1.0 1
716 0.023486614227294922 1.0 1
718 0.020439624786376953 1.0 1
719 0.020197391510009766 1.0 1
739 0.02168130874633789 1.0 1
740 0.019779443740844727 1.0 1
742 0.15646958351135254 1.0 1
744 0.08514785766601562 1.0 1
746 0.019861698150634766 1.0 1
769 0.012627840042114258 1.0 1
771 0.01850414276123047 1.0 1
773 0.14351606369018555 1.0 1
774 0.021538734436035156 1.0 1
776 0.019073963165283203 1.0 1
798 0.022877931594848633 1.0 1
799 0.02051687240600586 1.0 1
801 0.04374432563781738 1.0 1
802 0.019457340240478516 1.0 1
804 0.020207881927490234 1.0 1
828 0.019094467163085938 1.0 1
830 0.041854143142700195 1.0 1
831 0.09157347679138184 1.0 1
833 0.02099323272705078 1.0 1
834 0.0635535717010498 1.0 1
858 0.03855609893798828 1.0 1
860 0.08274030685424805 1.0 1
861 0.0189816951751709 1.0 1
863 0.08387970924377441 1.0 1
864 0.025077104568481445 1.0 1
888 0.018941879272460938 1.0 1
890 0.08761405944824219 1.0 1
891 0.018141984939575195 1.0 1
893 0.019289493560791016 1.0 1
895 0.020270109176635742 1.0 1
919 0.026104450225830078 1.0 1
921 0.059616804122924805 1.0 1
922 0.019613265991210938 1.0 1
924 0.055429935455322266 1.0 1
925 0.10195422172546387 1.0 1
948 0.07289886474609375 1.0 1
950 0.0999913215637207 1.0 1
951 0.09549522399902344 1.0 1
953 0.018569231033325195 1.0 1
954 0.0778498649597168 1.0 1
979 0.09282517433166504 1.0 1
981 0.019155025482177734 1.0 1
982 0.06398344039916992 1.0 1
984 0.017490863800048828 1.0 1
986 0.020632266998291016 1.0 1
1008 0.023220062255859375 1.0 1
1009 0.020452499389648438 1.0 1
1011 0.021924734115600586 1.0 1
1012 0.020006179809570312 1.0 1
1014 0.03716087341308594 1.0 1
1038 0.07706785202026367 1.0 1
1040 0.018636465072631836 1.0 1
1042 0.06530594825744629 1.0 1
1043 0.020650863647460938 1.0 1
1045 0.0228121280670166 1.0 1
1069 0.07024741172790527 1.0 1
1071 0.018635272979736328 1.0 1
1072 0.018681049346923828 1.0 1
1074 0.020060300827026367 1.0 1
1076 0.030234813690185547 1.0 1
1097 0.03316998481750488 1.0 1
1099 0.0964667797088623 1.0 1
1100 0.02277088165283203 1.0 1
1101 0.023874998092651367 1.0 1
1103 0.05616879463195801 1.0 1
1127 0.09366917610168457 1.0 1
1128 0.020951509475708008 1.0 1
1130 0.019576311111450195 1.0 1
1131 0.04783296585083008 1.0 1
1133 0.022029638290405273 1.0 1
1158 0.02288198471069336 1.0 1
1160 0.02203202247619629 1.0 1
1161 0.021651268005371094 1.0 1
1163 0.06685209274291992 1.0 1
1165 0.021933317184448242 1.0 1
1188 0.05518627166748047 1.0 1
1190 0.020040035247802734 1.0 1
1192 0.01835775375366211 1.0 1
1193 0.02046990394592285 1.0 1
1195 0.019996166229248047 1.0 1
1220 0.018744230270385742 1.0 1
1222 0.022504329681396484 1.0 1
1223 0.021966218948364258 1.0 1
1225 0.06573820114135742 1.0 1
1227 0.021134376525878906 1.0 1
1250 0.022815465927124023 1.0 1
1252 0.0397799015045166 1.0 1
1254 0.020372867584228516 1.0 1
1256 0.020336389541625977 1.0 1
1258 0.05425381660461426 1.0 1
1281 0.024100780487060547 1.0 1
1282 0.02136373519897461 1.0 1
1284 0.04869270324707031 1.0 1
1286 0.022823572158813477 1.0 1
1288 0.06356263160705566 1.0 1
1310 0.02350139617919922 1.0 1
1312 0.02173900604248047 1.0 1
1313 0.022850513458251953 1.0 1
1315 0.022087812423706055 1.0 1
1317 0.019350051879882812 1.0 1
1340 0.02191901206970215 1.0 1
1342 0.07690238952636719 1.0 1
1344 0.020993471145629883 1.0 1
1345 0.017354249954223633 1.0 1
1347 0.020441293716430664 1.0 1
1370 0.10006999969482422 1.0 1
1372 0.019646644592285156 1.0 1
1374 0.020965576171875 1.0 1
1376 0.05335593223571777 1.0 1
1377 0.022393465042114258 1.0 1
1403 0.08994269371032715 1.0 1
1406 0.01809835433959961 1.0 1
1408 0.018214941024780273 1.0 1
1410 0.0203707218170166 1.0 1
1413 0.019184350967407227 1.0 1
1465 0.022351980209350586 1.0 1
1467 0.020531415939331055 1.0 1
1470 0.020467758178710938 1.0 1
1472 0.01911759376525879 1.0 1
1474 0.020937681198120117 1.0 1
1528 0.020127058029174805 1.0 1
1530 0.025391101837158203 1.0 1
1532 0.017148971557617188 1.0 1
1534 0.022090911865234375 1.0 1
1537 0.020974397659301758 1.0 1
1588 0.023336172103881836 1.0 1
1591 0.020696163177490234 1.0 1
1593 0.07030272483825684 1.0 1
1596 0.08911633491516113 1.0 1
1597 0.0250241756439209 1.0 1
1652 0.020810604095458984 1.0 1
1656 0.023561954498291016 1.0 1
1658 0.021508216857910156 1.0 1
1663 0.021712064743041992 1.0 1
1665 0.02080225944519043 1.0 1
1712 0.022305965423583984 1.0 1
1717 0.02339339256286621 1.0 1
1720 0.03628277778625488 1.0 1
1725 0.020036935806274414 1.0 1
1728 0.02268218994140625 1.0 1
1769 0.022012710571289062 1.0 1
1772 0.024817466735839844 1.0 1
1774 0.02057814598083496 1.0 1
1777 0.020720720291137695 1.0 1
1780 0.02074575424194336 1.0 1
1825 0.019123554229736328 1.0 1
1827 0.021804332733154297 1.0 1
1830 0.01941370964050293 1.0 1
1832 0.019987106323242188 1.0 1
1834 0.018601179122924805 1.0 1
1879 0.05096864700317383 1.0 1
1881 0.01898813247680664 1.0 1
1883 0.019248485565185547 1.0 1
1885 0.06314325332641602 1.0 1
1887 0.019476652145385742 1.0 1
1909 0.14553308486938477 1.0 1
1911 0.3037607669830322 1.0 1
1913 0.019151926040649414 1.0 1
1915 0.01944708824157715 1.0 1
1917 0.052292585372924805 1.0 1
1937 0.022697925567626953 1.0 1
1938 0.2480027675628662 1.0 1
1940 0.02256631851196289 1.0 1
1941 0.01898670196533203 1.0 1
1943 0.14689087867736816 1.0 1
1967 0.021198749542236328 1.0 1
1969 0.05354666709899902 1.0 1
1970 0.09129548072814941 1.0 1
1972 0.02323150634765625 1.0 1
1973 0.020263195037841797 1.0 1
1996 0.10880017280578613 1.0 1
1997 0.09680676460266113 1.0 1
1999 0.020595788955688477 1.0 1
2000 0.02209615707397461 1.0 1
2001 0.06375360488891602 1.0 1
2027 0.02160811424255371 1.0 1
2028 0.062009572982788086 1.0 1
2029 0.019721031188964844 1.0 1
2031 0.021034955978393555 1.0 1
2032 0.054758310317993164 1.0 1
2058 0.018620014190673828 1.0 1
2060 0.021353721618652344 1.0 1
2061 0.02001333236694336 1.0 1
2063 0.05224275588989258 1.0 1
2065 0.03581047058105469 1.0 1
2088 0.07563161849975586 1.0 1
2089 0.01212000846862793 1.0 1
2091 0.020889997482299805 1.0 1
2092 0.02045917510986328 1.0 1
2094 0.022325992584228516 1.0 1
2118 0.05007672309875488 1.0 1
2119 0.026093721389770508 1.0 1
2121 0.022512197494506836 1.0 1
2122 0.3326914310455322 1.0 1
2124 0.018178224563598633 1.0 1
2148 0.020732641220092773 1.0 1
2150 0.021270751953125 1.0 1
2151 0.017749547958374023 1.0 1
2153 0.07613492012023926 1.0 1
2154 0.023197412490844727 1.0 1
2178 0.020503759384155273 1.0 1
2179 0.06537652015686035 1.0 1
2181 0.03350520133972168 1.0 1
2182 0.019910335540771484 1.0 1
2184 0.04036307334899902 1.0 1
2208 0.021673917770385742 1.0 1
2209 0.017858028411865234 1.0 1
2211 0.06386709213256836 1.0 1
2212 0.09357142448425293 1.0 1
2214 0.017566442489624023 1.0 1
2237 0.02202582359313965 1.0 1
2239 0.02129340171813965 1.0 1
2240 0.1002969741821289 1.0 1
2242 0.018315792083740234 1.0 1
2243 0.08144450187683105 1.0 1
2267 0.15324616432189941 1.0 1
2269 0.09050321578979492 1.0 1
2270 0.020370006561279297 1.0 1
2271 0.0667417049407959 1.0 1
2273 0.019659042358398438 1.0 1
2297 0.02318572998046875 1.0 1
2298 0.06354069709777832 1.0 1
2300 0.021886825561523438 1.0 1
2301 0.02364635467529297 1.0 1
2303 0.053028106689453125 1.0 1
2327 0.08071136474609375 1.0 1
2328 0.021088123321533203 1.0 1
2330 0.06931328773498535 1.0 1
2331 0.019603967666625977 1.0 1
2333 0.022655487060546875 1.0 1
2357 0.020911216735839844 1.0 1
2359 0.022490739822387695 1.0 1
2360 0.020725011825561523 1.0 1
2362 0.020150184631347656 1.0 1
2363 0.02757549285888672 1.0 1
2387 0.01913619041442871 1.0 1
2388 0.021427392959594727 1.0 1
2390 0.06991028785705566 1.0 1
2392 0.08062291145324707 1.0 1
2393 0.017536640167236328 1.0 1
2418 0.025420188903808594 1.0 1
2419 0.023408174514770508 1.0 1
2421 0.06812143325805664 1.0 1
2422 0.3141665458679199 1.0 1
2424 0.02221083641052246 1.0 1
2449 0.06199526786804199 1.0 1
2450 0.022864103317260742 1.0 1
2452 0.02478480339050293 1.0 1
2453 0.019544601440429688 1.0 1
2455 0.1161491870880127 1.0 1
2478 0.07321000099182129 1.0 1
2479 0.0195772647857666 1.0 1
2481 0.020809412002563477 1.0 1
2482 0.050048828125 1.0 1
2484 0.08483648300170898 1.0 1
2508 0.0681302547454834 1.0 1
2509 0.020453453063964844 1.0 1
2511 0.021532058715820312 1.0 1
2512 0.05249476432800293 1.0 1
2514 0.022107362747192383 1.0 1
2534 0.019688129425048828 1.0 1
2536 0.05430102348327637 1.0 1
2537 0.019775867462158203 1.0 1
2539 0.07163262367248535 1.0 1
2540 0.022832393646240234 1.0 1
2564 0.03631329536437988 1.0 1
2566 0.02244400978088379 1.0 1
2567 0.07180452346801758 1.0 1
2568 0.02482438087463379 1.0 1
2570 0.06093144416809082 1.0 1
2594 0.019989728927612305 1.0 1
2595 0.021851301193237305 1.0 1
2597 0.021361112594604492 1.0 1
2598 0.023144006729125977 1.0 1
2599 0.04613232612609863 1.0 1
2625 0.021804094314575195 1.0 1
2626 0.02248239517211914 1.0 1
2627 0.06443357467651367 1.0 1
2628 0.09352922439575195 1.0 1
2629 0.1103510856628418 1.0 1
2657 0.020653247833251953 1.0 1
2658 0.06505727767944336 1.0 1
2660 0.020708799362182617 1.0 1
2661 0.022347211837768555 1.0 1
2663 0.06202387809753418 1.0 1
2685 0.05721616744995117 1.0 1
2687 0.07860732078552246 1.0 1
2688 0.018946170806884766 1.0 1
2690 0.02102208137512207 1.0 1
2691 0.06556129455566406 1.0 1
2717 0.021877288818359375 1.0 1
2719 0.0573728084564209 1.0 1
2721 0.018488645553588867 1.0 1
2722 0.06185436248779297 1.0 1
2724 0.02003335952758789 1.0 1
2747 0.1334834098815918 1.0 1
2749 0.021568775177001953 1.0 1
2750 0.01931619644165039 1.0 1
2752 0.04473423957824707 1.0 1
2753 0.019677162170410156 1.0 1
2778 0.05757904052734375 1.0 1
2780 0.023257732391357422 1.0 1
2781 0.021452665328979492 1.0 1
2783 0.020917654037475586 1.0 1
2784 0.021831035614013672 1.0 1
2810 0.09519052505493164 1.0 1
2812 0.018993377685546875 1.0 1
2813 0.03919649124145508 1.0 1
2815 0.023729801177978516 1.0 1
2816 0.01979827880859375 1.0 1
2840 0.0158998966217041 1.0 1
2842 0.04492807388305664 1.0 1
2844 0.023190021514892578 1.0 1
2846 0.0717470645904541 1.0 1
2848 0.022382497787475586 1.0 1
2871 0.021975040435791016 1.0 1
2873 0.1799764633178711 1.0 1
2874 0.0390162467956543 1.0 1
2876 0.02232074737548828 1.0 1
2878 0.02333807945251465 1.0 1
2904 0.053841590881347656 1.0 1
2907 0.01735973358154297 1.0 1
2909 0.020636558532714844 1.0 1
2911 0.0477755069732666 1.0 1
2913 0.022230863571166992 1.0 1
2965 0.021767139434814453 1.0 1
2968 0.022125244140625 1.0 1
2971 0.02060103416442871 1.0 1
2973 0.019778013229370117 1.0 1
2976 0.019937515258789062 1.0 1
3028 0.021161317825317383 1.0 1
3031 0.02069544792175293 1.0 1
3034 0.06127524375915527 1.0 1
3037 0.020308732986450195 1.0 1
3041 0.02443385124206543 1.0 1
3091 0.027061939239501953 1.0 1
3093 0.022545814514160156 1.0 1
3095 0.01938939094543457 1.0 1
3097 0.018646717071533203 1.0 1
3100 0.022483348846435547 1.0 1
3152 0.04569363594055176 1.0 1
3155 0.021805286407470703 1.0 1
3158 0.022021055221557617 1.0 1
3159 0.022855758666992188 1.0 1
3161 0.040490150451660156 1.0 1
3208 0.022498369216918945 1.0 1
3212 0.018389225006103516 1.0 1
3216 0.021039247512817383 1.0 1
3220 0.021143436431884766 1.0 1
3224 0.020785093307495117 1.0 1
3265 0.028390169143676758 1.0 1
3267 0.019840002059936523 1.0 1
3269 0.036351919174194336 1.0 1
3271 0.020934343338012695 1.0 1
3274 0.02039504051208496 1.0 1
3320 0.023355484008789062 1.0 1
3322 0.019570589065551758 1.0 1
3323 0.020032167434692383 1.0 1
3325 0.04620766639709473 1.0 1
3327 0.021965980529785156 1.0 1
3349 0.1297774314880371 1.0 1
3351 0.02167367935180664 1.0 1
3353 0.06040000915527344 1.0 1
3355 0.02026510238647461 1.0 1
3357 0.022270679473876953 1.0 1
3376 0.045346975326538086 1.0 1
3377 0.02210259437561035 1.0 1
3379 0.08691239356994629 1.0 1
3380 0.023328781127929688 1.0 1
3381 0.24963998794555664 1.0 1
3405 0.023008346557617188 1.0 1
3407 0.04177975654602051 1.0 1
3408 0.020983219146728516 1.0 1
3409 0.08460831642150879 1.0 1
3411 0.019642353057861328 1.0 1
3435 0.08700990676879883 1.0 1
3436 0.024282217025756836 1.0 1
3437 0.022478342056274414 1.0 1
3439 0.055899858474731445 1.0 1
3440 0.020107507705688477 1.0 1
3464 0.020708322525024414 1.0 1
3466 0.023197650909423828 1.0 1
3467 0.02096247673034668 1.0 1
3468 0.050469160079956055 1.0 1
3469 0.019620418548583984 1.0 1
3496 0.06440401077270508 1.0 1
3498 0.023407459259033203 1.0 1
3499 0.07353496551513672 1.0 1
3501 0.02141404151916504 1.0 1
3502 0.06528067588806152 1.0 1
3526 0.0803840160369873 1.0 1
3528 0.02320384979248047 1.0 1
3529 0.07882213592529297 1.0 1
3531 0.021068811416625977 1.0 1
3532 0.07602405548095703 1.0 1
3558 0.019197702407836914 1.0 1
3559 0.0736699104309082 1.0 1
3561 0.021843433380126953 1.0 1
3562 0.0760335922241211 1.0 1
3564 0.025743484497070312 1.0 1
3588 0.024576187133789062 1.0 1
3590 0.0197751522064209 1.0 1
3591 0.06029558181762695 1.0 1
3593 0.020659923553466797 1.0 1
3594 0.021308422088623047 1.0 1
3602 0.10448336601257324 1.0 1
3602 0.11872601509094238 1.0 1
3602 0.06781649589538574 1.0 1
3602 0.23514747619628906 1.0 1
3602 0.11845898628234863 1.0 1
18 0.08594942092895508 1.0 1
19 0.023802757263183594 1.0 1
21 0.09146261215209961 1.0 1
22 0.023578882217407227 1.0 1
24 0.0652616024017334 1.0 1
47 0.05646014213562012 1.0 1
49 0.10433626174926758 1.0 1
50 0.019930124282836914 1.0 1
52 0.02248239517211914 1.0 1
53 0.04913926124572754 1.0 1
73 0.020608186721801758 1.0 1
74 0.08591580390930176 1.0 1
76 0.017460346221923828 1.0 1
77 0.0814352035522461 1.0 1
78 0.09124493598937988 1.0 1
103 0.07600212097167969 1.0 1
104 0.09548711776733398 1.0 1
105 0.09377646446228027 1.0 1
106 0.022733688354492188 1.0 1
107 0.02102971076965332 1.0 1
134 0.10298657417297363 1.0 1
135 0.021138668060302734 1.0 1
136 0.08118009567260742 1.0 1
137 0.020891904830932617 1.0 1
138 0.07868409156799316 1.0 1
163 0.0641634464263916 1.0 1
164 0.09425067901611328 1.0 1
165 0.01497340202331543 1.0 1
166 0.02334141731262207 1.0 1
167 0.05618453025817871 1.0 1
195 0.06296277046203613 1.0 1
196 0.07985949516296387 1.0 1
197 0.10844683647155762 1.0 1
199 0.023247957229614258 1.0 1
200 0.01795816421508789 1.0 1
224 0.04797029495239258 1.0 1
226 0.02016448974609375 1.0 1
227 0.015749216079711914 1.0 1
228 0.059732913970947266 1.0 1
230 0.018835783004760742 1.0 1
257 0.02250361442565918 1.0 1
259 0.09612798690795898 1.0 1
261 0.0944526195526123 1.0 1
262 0.019333839416503906 1.0 1
264 0.07256293296813965 1.0 1
288 0.019390344619750977 1.0 1
289 0.08759069442749023 1.0 1
291 0.02052450180053711 1.0 1
292 0.0192263126373291 1.0 1
294 0.06357884407043457 1.0 1
324 0.0307314395904541 1.0 1
326 0.02285599708557129 1.0 1
328 0.11080217361450195 1.0 1
330 0.041089773178100586 1.0 1
333 0.05258345603942871 1.0 1
385 0.0402073860168457 1.0 1
388 0.021212339401245117 1.0 1
390 0.021646976470947266 1.0 1
392 0.031655073165893555 1.0 1
394 0.020487546920776367 1.0 1
446 0.02115654945373535 1.0 1
450 0.05237936973571777 1.0 1
453 0.02249908447265625 1.0 1
455 0.022376537322998047 1.0 1
457 0.046114444732666016 1.0 1
506 0.02121138572692871 1.0 1
509 0.02336859703063965 1.0 1
511 0.019797563552856445 1.0 1
514 0.020920753479003906 1.0 1
515 0.020524024963378906 1.0 1
566 0.024231672286987305 1.0 1
568 0.024065494537353516 1.0 1
571 0.04562187194824219 1.0 1
573 0.023052692413330078 1.0 1
575 0.022500991821289062 1.0 1
624 0.021147727966308594 1.0 1
626 0.02257847785949707 1.0 1
628 0.06735372543334961 1.0 1
630 0.022116422653198242 1.0 1
632 0.022128582000732422 1.0 1
681 0.02294135093688965 1.0 1
683 0.015961408615112305 1.0 1
685 0.05747056007385254 1.0 1
687 0.021474599838256836 1.0 1
689 0.020701885223388672 1.0 1
711 0.06986165046691895 1.0 1
713 0.09639859199523926 1.0 1
715 0.09865093231201172 1.0 1
717 0.01768326759338379 1.0 1
718 0.02131509780883789 1.0 1
739 0.02169013023376465 1.0 1
741 0.021100997924804688 1.0 1
743 0.052082061767578125 1.0 1
745 0.019587278366088867 1.0 1
746 0.07569169998168945 1.0 1
768 0.02989792823791504 1.0 1
770 0.016481399536132812 1.0 1
772 0.019593000411987305 1.0 1
773 0.043637752532958984 1.0 1
775 0.021741151809692383 1.0 1
798 0.025065898895263672 1.0 1
800 0.06213712692260742 1.0 1
801 0.018599748611450195 1.0 1
803 0.020387887954711914 1.0 1
804 0.061482906341552734 1.0 1
828 0.07407259941101074 1.0 1
829 0.023497581481933594 1.0 1
831 0.021981000900268555 1.0 1
832 0.0211334228515625 1.0 1
834 0.026306867599487305 1.0 1
858 0.024572134017944336 1.0 1
860 0.04736971855163574 1.0 1
862 0.10701251029968262 1.0 1
863 0.07483124732971191 1.0 1
865 0.019781827926635742 1.0 1
888 0.019834041595458984 1.0 1
889 0.06406641006469727 1.0 1
891 0.09154772758483887 1.0 1
892 0.09345054626464844 1.0 1
894 0.02437114715576172 1.0 1
918 0.01865863800048828 1.0 1
920 0.02994680404663086 1.0 1
922 0.019570350646972656 1.0 1
923 0.022285938262939453 1.0 1
925 0.049106597900390625 1.0 1
948 0.023088693618774414 1.0 1
950 0.08509397506713867 1.0 1
951 0.08243322372436523 1.0 1
953 0.02065873146057129 1.0 1
955 0.013941764831542969 1.0 1
978 0.022405385971069336 1.0 1
980 0.09025096893310547 1.0 1
982 0.02241206169128418 1.0 1
983 0.07801222801208496 1.0 1
985 0.02187037467956543 1.0 1
1010 0.021514892578125 1.0 1
1011 0.0556943416595459 1.0 1
1013 0.09692931175231934 1.0 1
1015 0.022243499755859375 1.0 1
1016 0.06110215187072754 1.0 1
1038 0.02409505844116211 1.0 1
1040 0.07847332954406738 1.0 1
1042 0.01919722557067871 1.0 1
1044 0.16530227661132812 1.0 1
1045 0.020114898681640625 1.0 1
1069 0.022076845169067383 1.0 1
1071 0.04974627494812012 1.0 1
1072 0.09342336654663086 1.0 1
1074 0.10625553131103516 1.0 1
1076 0.023174524307250977 1.0 1
1098 0.03541707992553711 1.0 1
1099 0.019432783126831055 1.0 1
1101 0.06827855110168457 1.0 1
1102 0.02133488655090332 1.0 1
1104 0.07619476318359375 1.0 1
1128 0.021251916885375977 1.0 1
1129 0.06520318984985352 1.0 1
1131 0.019477367401123047 1.0 1
1132 0.020304203033447266 1.0 1
1134 0.019037246704101562 1.0 1
1158 0.029195547103881836 1.0 1
1160 0.10073208808898926 1.0 1
1162 0.02251601219177246 1.0 1
1163 0.020758390426635742 1.0 1
1165 0.0712132453918457 1.0 1
1188 0.02078986167907715 1.0 1
1190 0.025147676467895508 1.0 1
1191 0.03887581825256348 1.0 1
1193 0.019693613052368164 1.0 1
1195 0.019861459732055664 1.0 1
1219 0.022394418716430664 1.0 1
1221 0.0689241886138916 1.0 1
1222 0.021666765213012695 1.0 1
1224 0.019996166229248047 1.0 1
1226 0.022580862045288086 1.0 1
1249 0.020971298217773438 1.0 1
1250 0.030936241149902344 1.0 1
1252 0.0189058780670166 1.0 1
1254 0.01760077476501465 1.0 1
1256 0.06918478012084961 1.0 1
1280 0.021843910217285156 1.0 1
1282 0.06512331962585449 1.0 1
1284 0.07924056053161621 1.0 1
1286 0.019797801971435547 1.0 1
1288 0.02202320098876953 1.0 1
1310 0.020292282104492188 1.0 1
1312 0.029744625091552734 1.0 1
1314 0.07237982749938965 1.0 1
1316 0.023271799087524414 1.0 1
1317 0.022548913955688477 1.0 1
1341 0.0242767333984375 1.0 1
1343 0.043892860412597656 1.0 1
1344 0.021760940551757812 1.0 1
1346 0.05810880661010742 1.0 1
1348 0.0204927921295166 1.0 1
1369 0.01915907859802246 1.0 1
1371 0.018951892852783203 1.0 1
1373 0.04119753837585449 1.0 1
1375 0.02340102195739746 1.0 1
1378 0.07478499412536621 1.0 1
1405 0.11203360557556152 1.0 1
1407 0.017613649368286133 1.0 1
1409 0.06947565078735352 1.0 1
1411 0.019535303115844727 1.0 1
1413 0.02093672752380371 1.0 1
1466 0.05318641662597656 1.0 1
1468 0.03532910346984863 1.0 1
1470 0.019527196884155273 1.0 1
1472 0.01852250099182129 1.0 1
1475 0.019698619842529297 1.0 1
1528 0.02295660972595215 1.0 1
1530 0.021802425384521484 1.0 1
1532 0.023292064666748047 1.0 1
1535 0.020188093185424805 1.0 1
1536 0.020168781280517578 1.0 1
1592 0.022932767868041992 1.0 1
1594 0.021193504333496094 1.0 1
1596 0.020051240921020508 1.0 1
1599 0.050292253494262695 1.0 1
1601 0.019906044006347656 1.0 1
1653 0.02254319190979004 1.0 1
1657 0.022152185440063477 1.0 1
1658 0.02192211151123047 1.0 1
1660 0.02374887466430664 1.0 1
1662 0.024532318115234375 1.0 1
1708 0.021270751953125 1.0 1
1712 0.020305156707763672 1.0 1
1716 0.0191652774810791 1.0 1
1719 0.022571086883544922 1.0 1
1722 0.022343873977661133 1.0 1
1771 0.026682376861572266 1.0 1
1773 0.02072620391845703 1.0 1
1776 0.01916670799255371 1.0 1
1778 0.023184537887573242 1.0 1
1782 0.01966094970703125 1.0 1
1825 0.04759407043457031 1.0 1
1827 0.021280288696289062 1.0 1
1830 0.07799887657165527 1.0 1
1832 0.01957416534423828 1.0 1
1834 0.020650386810302734 1.0 1
1879 0.023464679718017578 1.0 1
1881 0.12063264846801758 1.0 1
1883 0.014656782150268555 1.0 1
1885 0.08014631271362305 1.0 1
1887 0.021055221557617188 1.0 1
1910 0.01976919174194336 1.0 1
1911 0.02155447006225586 1.0 1
1913 0.019707918167114258 1.0 1
1915 0.02082967758178711 1.0 1
1917 0.020148038864135742 1.0 1
1937 0.04074811935424805 1.0 1
1938 0.05998420715332031 1.0 1
1940 0.02443861961364746 1.0 1
1941 0.017484426498413086 1.0 1
1943 0.06091618537902832 1.0 1
1967 0.02284693717956543 1.0 1
1968 0.022578716278076172 1.0 1
1969 0.020621299743652344 1.0 1
1971 0.0393984317779541 1.0 1
1972 0.020511865615844727 1.0 1
1996 0.07799339294433594 1.0 1
1998 0.08562278747558594 1.0 1
1999 0.018815040588378906 1.0 1
2000 0.023327350616455078 1.0 1
2002 0.020298480987548828 1.0 1
2026 0.06366920471191406 1.0 1
2027 0.017974376678466797 1.0 1
2028 0.02320075035095215 1.0 1
2030 0.04889059066772461 1.0 1
2031 0.021219253540039062 1.0 1
2058 0.02437591552734375 1.0 1
2059 0.021169662475585938 1.0 1
2061 0.02169346809387207 1.0 1
2062 0.08051395416259766 1.0 1
2064 0.10450267791748047 1.0 1
2088 0.07052874565124512 1.0 1
2090 0.021123886108398438 1.0 1
2091 0.07264161109924316 1.0 1
2093 0.021871089935302734 1.0 1
2094 0.09410429000854492 1.0 1
2118 0.02049732208251953 1.0 1
2120 0.020628690719604492 1.0 1
2121 0.020971298217773438 1.0 1
2123 0.020707130432128906 1.0 1
2124 0.020718812942504883 1.0 1
2147 0.023608684539794922 1.0 1
2149 0.020966291427612305 1.0 1
2150 0.020468473434448242 1.0 1
2152 0.040548086166381836 1.0 1
2154 0.01826953887939453 1.0 1
2177 0.02194380760192871 1.0 1
2179 0.026444673538208008 1.0 1
2180 0.043906450271606445 1.0 1
2182 0.022215604782104492 1.0 1
2183 0.019626379013061523 1.0 1
2208 0.02218914031982422 1.0 1
2209 0.03342795372009277 1.0 1
2210 0.020569562911987305 1.0 1
2212 0.06154489517211914 1.0 1
2213 0.0208742618560791 1.0 1
2236 0.06430172920227051 1.0 1
2238 0.022661685943603516 1.0 1
2239 0.023281097412109375 1.0 1
2241 0.02248668670654297 1.0 1
2242 0.023209095001220703 1.0 1
2267 0.1360301971435547 1.0 1
2269 0.023175477981567383 1.0 1
2270 0.07866668701171875 1.0 1
2272 0.01817464828491211 1.0 1
2273 0.07248711585998535 1.0 1
2297 0.02007126808166504 1.0 1
2298 0.07109260559082031 1.0 1
2300 0.020395517349243164 1.0 1
2301 0.061641693115234375 1.0 1
2303 0.030234575271606445 1.0 1
2327 0.01950383186340332 1.0 1
2328 0.08882784843444824 1.0 1
2330 0.021522998809814453 1.0 1
2332 0.0225064754486084 1.0 1
2333 0.05464673042297363 1.0 1
2357 0.04450106620788574 1.0 1
2358 0.022534608840942383 1.0 1
2360 0.022397518157958984 1.0 1
2361 0.02803206443786621 1.0 1
2363 0.10630035400390625 1.0 1
2387 0.024841785430908203 1.0 1
2389 0.023267507553100586 1.0 1
2390 0.153822660446167 1.0 1
2392 0.09107351303100586 1.0 1
2393 0.019319534301757812 1.0 1
2418 0.05557584762573242 1.0 1
2420 0.11322498321533203 1.0 1
2421 0.02257990837097168 1.0 1
2423 0.0676875114440918 1.0 1
2425 0.022716999053955078 1.0 1
2448 0.040395259857177734 1.0 1
2449 0.02093958854675293 1.0 1
2451 0.06049847602844238 1.0 1
2452 0.021416187286376953 1.0 1
2454 0.08140325546264648 1.0 1
2477 0.022002696990966797 1.0 1
2479 0.02311110496520996 1.0 1
2480 0.021212339401245117 1.0 1
2482 0.09399867057800293 1.0 1
2484 0.019554615020751953 1.0 1
2507 0.03561830520629883 1.0 1
2508 0.07882833480834961 1.0 1
2510 0.021692991256713867 1.0 1
2512 0.07632637023925781 1.0 1
2513 0.02031230926513672 1.0 1
2534 0.05696606636047363 1.0 1
2535 0.08385419845581055 1.0 1
2537 0.09671664237976074 1.0 1
2538 0.0891408920288086 1.0 1
2539 0.02215862274169922 1.0 1
2564 0.05569005012512207 1.0 1
2565 0.019889354705810547 1.0 1
2566 0.06903505325317383 1.0 1
2568 0.08054280281066895 1.0 1
2569 0.02139425277709961 1.0 1
2593 0.020939350128173828 1.0 1
2595 0.18413257598876953 1.0 1
2596 0.09321808815002441 1.0 1
2598 0.019641637802124023 1.0 1
2599 0.020090579986572266 1.0 1
2624 0.022165536880493164 1.0 1
2625 0.03953719139099121 1.0 1
2626 0.08880448341369629 1.0 1
2627 0.0200958251953125 1.0 1
2629 0.022319793701171875 1.0 1
2656 0.021222591400146484 1.0 1
2658 0.04584503173828125 1.0 1
2659 0.08182001113891602 1.0 1
2661 0.020198345184326172 1.0 1
2662 0.022597312927246094 1.0 1
2686 0.02105426788330078 1.0 1
2688 0.020811796188354492 1.0 1
2689 0.05830216407775879 1.0 1
2691 0.020325899124145508 1.0 1
2692 0.02080368995666504 1.0 1
2717 0.08035731315612793 1.0 1
2719 0.022490739822387695 1.0 1
2720 0.02196192741394043 1.0 1
2722 0.044466495513916016 1.0 1
2724 0.01961994171142578 1.0 1
2747 0.021394968032836914 1.0 1
2749 0.02248978614807129 1.0 1
2750 0.043456077575683594 1.0 1
2752 0.01992177963256836 1.0 1
2754 0.16051363945007324 1.0 1
2778 0.10432815551757812 1.0 1
2780 0.023248910903930664 1.0 1
2781 0.07383298873901367 1.0 1
2783 0.017434358596801758 1.0 1
2785 0.08728384971618652 1.0 1
2808 0.03373980522155762 1.0 1
2810 0.09005379676818848 1.0 1
2812 0.024248600006103516 1.0 1
2813 0.07270145416259766 1.0 1
2815 0.0878903865814209 1.0 1
2842 0.02079606056213379 1.0 1
2843 0.02207350730895996 1.0 1
2845 0.02113056182861328 1.0 1
2847 0.018725156784057617 1.0 1
2849 0.02377176284790039 1.0 1
2871 0.0205380916595459 1.0 1
2873 0.017780542373657227 1.0 1
2875 0.018901348114013672 1.0 1
2877 0.023075580596923828 1.0 1
2879 0.01958179473876953 1.0 1
2904 0.022020816802978516 1.0 1
2907 0.0417628288269043 1.0 1
2909 0.02243208885192871 1.0 1
2911 0.021750450134277344 1.0 1
2912 0.022077560424804688 1.0 1
2964 0.021689891815185547 1.0 1
2966 0.022873878479003906 1.0 1
2968 0.026727914810180664 1.0 1
2969 0.01998281478881836 1.0 1
2971 0.01942276954650879 1.0 1
2997 0.01981639862060547 1.0 1
2999 0.023688077926635742 1.0 1
3001 0.022067785263061523 1.0 1
3004 0.01958942413330078 1.0 1
3006 0.020281314849853516 1.0 1
3060 0.022984743118286133 1.0 1
3063 0.02072310447692871 1.0 1
3065 0.0209658145904541 1.0 1
3069 0.020387649536132812 1.0 1
3072 0.020972251892089844 1.0 1
3123 0.023273468017578125 1.0 1
3127 0.02136540412902832 1.0 1
3130 0.021910429000854492 1.0 1
3131 0.022488832473754883 1.0 1
3134 0.45824527740478516 1.0 1
3183 0.02378368377685547 1.0 1
3185 0.019890546798706055 1.0 1
3187 0.022290468215942383 1.0 1
3190 0.023040294647216797 1.0 1
3193 0.09015512466430664 1.0 1
3239 0.021640539169311523 1.0 1
3240 0.026603221893310547 1.0 1
3242 0.021573543548583984 1.0 1
3244 0.026352405548095703 1.0 1
3247 0.01971435546875 1.0 1
3295 0.02072310447692871 1.0 1
3297 0.04350733757019043 1.0 1
3299 0.02119588851928711 1.0 1
3301 0.07577085494995117 1.0 1
3303 0.02091217041015625 1.0 1
3349 0.08942794799804688 1.0 1
3351 0.021248579025268555 1.0 1
3352 0.021657466888427734 1.0 1
3354 0.061823368072509766 1.0 1
3355 0.022310256958007812 1.0 1
3376 0.021552562713623047 1.0 1
3378 0.026983022689819336 1.0 1
3379 0.019969463348388672 1.0 1
3380 0.02186274528503418 1.0 1
3382 0.04667091369628906 1.0 1
3406 0.025028228759765625 1.0 1
3408 0.12030625343322754 1.0 1
3409 0.09746289253234863 1.0 1
3410 0.092864990234375 1.0 1
3412 0.02070903778076172 1.0 1
3435 0.044303178787231445 1.0 1
3437 0.10114407539367676 1.0 1
3438 0.10511541366577148 1.0 1
3439 0.021934986114501953 1.0 1
3441 0.07430362701416016 1.0 1
3465 0.1500546932220459 1.0 1
3466 0.023507356643676758 1.0 1
3468 0.16425824165344238 1.0 1
3469 0.09351062774658203 1.0 1
3470 0.020403623580932617 1.0 1
3497 0.13807916641235352 1.0 1
3499 0.023355484008789062 1.0 1
3500 0.07354736328125 1.0 1
3501 0.020730018615722656 1.0 1
3503 0.0229337215423584 1.0 1
3526 0.09805464744567871 1.0 1
3528 0.021098852157592773 1.0 1
3529 0.02189779281616211 1.0 1
3531 0.05159568786621094 1.0 1
3532 0.021504640579223633 1.0 1
3557 0.023322105407714844 1.0 1
3559 0.027399539947509766 1.0 1
3560 0.08628463745117188 1.0 1
3562 0.021337270736694336 1.0 1
3563 0.15926694869995117 1.0 1
3588 0.03824758529663086 1.0 1
3590 0.020194530487060547 1.0 1
3591 0.06277585029602051 1.0 1
3593 0.09012413024902344 1.0 1
3594 0.020823955535888672 1.0 1
3602 0.13935565948486328 1.0 1
3602 0.6151182651519775 1.0 1
3602 0.14908456802368164 1.0 1
3602 0.07326936721801758 1.0 1
3602 0.047760963439941406 1.0 1
17 0.12391042709350586 1.0 1
19 0.02273249626159668 1.0 1
20 0.02298283576965332 1.0 1
22 0.06223273277282715 1.0 1
23 0.019987821578979492 1.0 1
47 0.020104408264160156 1.0 1
48 0.019979476928710938 1.0 1
50 0.020073890686035156 1.0 1
51 0.022584199905395508 1.0 1
53 0.021510601043701172 1.0 1
73 0.020046710968017578 1.0 1
74 0.020620346069335938 1.0 1
75 0.022055625915527344 1.0 1
76 0.0617520809173584 1.0 1
77 0.09134435653686523 1.0 1
103 0.07448983192443848 1.0 1
104 0.0803368091583252 1.0 1
105 0.02375006675720215 1.0 1
106 0.01804041862487793 1.0 1
107 0.056000709533691406 1.0 1
133 0.08268904685974121 1.0 1
134 0.02046489715576172 1.0 1
135 0.021870851516723633 1.0 1
136 0.022607803344726562 1.0 1
138 0.03561043739318848 1.0 1
163 0.25339412689208984 1.0 1
164 0.10076570510864258 1.0 1
165 0.01954197883605957 1.0 1
167 0.019594907760620117 1.0 1
168 0.04892706871032715 1.0 1
195 0.021523237228393555 1.0 1
196 0.0657651424407959 1.0 1
197 0.020259380340576172 1.0 1
199 0.09645533561706543 1.0 1
200 0.07450675964355469 1.0 1
225 0.05929756164550781 1.0 1
226 0.019681215286254883 1.0 1
227 0.07861518859863281 1.0 1
229 0.08400869369506836 1.0 1
230 0.02082204818725586 1.0 1
258 0.07517027854919434 1.0 1
260 0.02236032485961914 1.0 1
262 0.0428922176361084 1.0 1
263 0.020720720291137695 1.0 1
265 0.01874256134033203 1.0 1
287 0.02242445945739746 1.0 1
289 0.023545265197753906 1.0 1
291 0.022674560546875 1.0 1
292 0.021148204803466797 1.0 1
293 0.031372785568237305 1.0 1
323 0.020930767059326172 1.0 1
325 0.018502235412597656 1.0 1
327 0.021359920501708984 1.0 1
329 0.021563291549682617 1.0 1
331 0.022358417510986328 1.0 1
352 0.03962063789367676 1.0 1
354 0.026427507400512695 1.0 1
356 0.021768808364868164 1.0 1
358 0.04404711723327637 1.0 1
359 0.022001266479492188 1.0 1
386 0.12276744842529297 1.0 1
388 0.022912263870239258 1.0 1
391 0.020653963088989258 1.0 1
393 0.0448918342590332 1.0 1
395 0.021618366241455078 1.0 1
447 0.018949031829833984 1.0 1
450 0.022127866744995117 1.0 1
452 0.020962238311767578 1.0 1
454 0.02066969871520996 1.0 1
457 0.02027416229248047 1.0 1
506 0.05214858055114746 1.0 1
508 0.02381587028503418 1.0 1
511 0.020009756088256836 1.0 1
513 0.022826671600341797 1.0 1
516 0.02052474021911621 1.0 1
565 0.022274017333984375 1.0 1
568 0.04217267036437988 1.0 1
571 0.02160167694091797 1.0 1
573 0.051512956619262695 1.0 1
575 0.02109980583190918 1.0 1
625 0.040955543518066406 1.0 1
627 0.021918535232543945 1.0 1
629 0.03845691680908203 1.0 1
632 0.012086629867553711 1.0 1
635 0.020755529403686523 1.0 1
681 0.020902633666992188 1.0 1
684 0.01809382438659668 1.0 1
686 0.02193737030029297 1.0 1
688 0.04825258255004883 1.0 1
690 0.02203226089477539 1.0 1
711 0.022994279861450195 1.0 1
713 0.021190643310546875 1.0 1
715 0.021064281463623047 1.0 1
717 0.13371801376342773 1.0 1
719 0.020984172821044922 1.0 1
738 0.11024284362792969 1.0 1
740 0.025547504425048828 1.0 1
741 0.06397461891174316 1.0 1
743 0.02075362205505371 1.0 1
745 0.07905745506286621 1.0 1
769 0.017636537551879883 1.0 1
770 0.017493247985839844 1.0 1
772 0.08622145652770996 1.0 1
774 0.02085089683532715 1.0 1
775 0.07199764251708984 1.0 1
798 0.06766486167907715 1.0 1
799 0.01990365982055664 1.0 1
801 0.019489288330078125 1.0 1
802 0.027767419815063477 1.0 1
804 0.024016618728637695 1.0 1
828 0.021021604537963867 1.0 1
829 0.020918607711791992 1.0 1
831 0.0384526252746582 1.0 1
833 0.08652305603027344 1.0 1
835 0.019976139068603516 1.0 1
857 0.024175167083740234 1.0 1
858 0.0500025749206543 1.0 1
860 0.02064800262451172 1.0 1
862 0.07934212684631348 1.0 1
863 0.02315974235534668 1.0 1
887 0.02082371711730957 1.0 1
889 0.08903717994689941 1.0 1
890 0.022337913513183594 1.0 1
892 0.07544183731079102 1.0 1
893 0.021194934844970703 1.0 1
918 0.05765199661254883 1.0 1
920 0.018941402435302734 1.0 1
922 0.0738532543182373 1.0 1
923 0.019980192184448242 1.0 1
925 0.0638437271118164 1.0 1
947 0.1030268669128418 1.0 1
949 0.021652698516845703 1.0 1
951 0.07968020439147949 1.0 1
952 0.022936105728149414 1.0 1
954 0.06687211990356445 1.0 1
978 0.02154064178466797 1.0 1
980 0.02420949935913086 1.0 1
982 0.02273702621459961 1.0 1
983 0.048212528228759766 1.0 1
985 0.024622201919555664 1.0 1
1007 0.021660566329956055 1.0 1
1009 0.02071976661682129 1.0 1
1010 0.03422284126281738 1.0 1
1012 0.020487546920776367 1.0 1
1014 0.0844261646270752 1.0 1
1039 0.024270057678222656 1.0 1
1040 0.04785323143005371 1.0 1
1042 0.023074865341186523 1.0 1
1043 0.01947808265686035 1.0 1
1045 0.03449535369873047 1.0 1
1069 0.05069684982299805 1.0 1
1070 0.020572662353515625 1.0 1
1072 0.01891946792602539 1.0 1
1074 0.1528177261352539 1.0 1
1075 0.022563934326171875 1.0 1
1098 0.02248859405517578 1.0 1
1099 0.020425081253051758 1.0 1
1101 0.02003622055053711 1.0 1
1102 0.04094386100769043 1.0 1
1104 0.019337892532348633 1.0 1
1127 0.191864013671875 1.0 1
1128 0.03926587104797363 1.0 1
1130 0.061842918395996094 1.0 1
1131 0.015831947326660156 1.0 1
1133 0.0212399959564209 1.0 1
1157 0.07566642761230469 1.0 1
1158 0.02324676513671875 1.0 1
1160 0.02191305160522461 1.0 1
1162 0.04160499572753906 1.0 1
1163 0.02232074737548828 1.0 1
1188 0.02480602264404297 1.0 1
1190 0.03124403953552246 1.0 1
1192 0.020678043365478516 1.0 1
1194 0.16098618507385254 1.0 1
1195 0.021480083465576172 1.0 1
1220 0.06617546081542969 1.0 1
1222 0.02609705924987793 1.0 1
1224 0.03948831558227539 1.0 1
1225 0.038927555084228516 1.0 1
1227 0.018916606903076172 1.0 1
1250 0.0446019172668457 1.0 1
1252 0.024312496185302734 1.0 1
1254 0.019832849502563477 1.0 1
1255 0.049765825271606445 1.0 1
1257 0.02249288558959961 1.0 1
1280 0.021330833435058594 1.0 1
1282 0.024461984634399414 1.0 1
1284 0.06919121742248535 1.0 1
1285 0.022216081619262695 1.0 1
1287 0.021384000778198242 1.0 1
1311 0.03894519805908203 1.0 1
1313 0.021862030029296875 1.0 1
1314 0.023399829864501953 1.0 1
1316 0.02147054672241211 1.0 1
1318 0.02219367027282715 1.0 1
1341 0.03494906425476074 1.0 1
1343 0.019624948501586914 1.0 1
1344 0.02176523208618164 1.0 1
1346 0.02105712890625 1.0 1
1348 0.024106502532958984 1.0 1
1370 0.02099466323852539 1.0 1
1372 0.020343542098999023 1.0 1
1373 0.02104496955871582 1.0 1
1375 0.022284984588623047 1.0 1
1377 0.0210874080657959 1.0 1
1403 0.03587651252746582 1.0 1
1405 0.01942753791809082 1.0 1
1408 0.0219573974609375 1.0 1
1410 0.021555185317993164 1.0 1
1412 0.027566909790039062 1.0 1
1464 0.08011341094970703 1.0 1
1466 0.020658254623413086 1.0 1
1468 0.01885390281677246 1.0 1
1471 0.042908430099487305 1.0 1
1474 0.02110576629638672 1.0 1
1530 0.02537703514099121 1.0 1
1533 0.01693129539489746 1.0 1
1535 0.02351546287536621 1.0 1
1538 0.02086019515991211 1.0 1
1541 0.02179408073425293 1.0 1
1590 0.021271467208862305 1.0 1
1592 0.02094745635986328 1.0 1
1596 0.019510984420776367 1.0 1
1598 0.038789987564086914 1.0 1
1601 0.01975107192993164 1.0 1
1656 0.021281719207763672 1.0 1
1659 0.022213220596313477 1.0 1
1662 0.019833087921142578 1.0 1
1665 0.02239847183227539 1.0 1
1668 0.020135879516601562 1.0 1
1711 0.027995824813842773 1.0 1
1713 0.021999835968017578 1.0 1
1715 0.01808333396911621 1.0 1
1717 0.04567360877990723 1.0 1
1719 0.023984670639038086 1.0 1
1769 0.023322105407714844 1.0 1
1773 0.022617340087890625 1.0 1
1775 0.02254796028137207 1.0 1
1779 0.022406578063964844 1.0 1
1781 0.021860361099243164 1.0 1
1824 0.019515514373779297 1.0 1
1827 0.02211761474609375 1.0 1
1829 0.02144336700439453 1.0 1
1831 0.02330780029296875 1.0 1
1833 0.0206449031829834 1.0 1
1879 0.0338287353515625 1.0 1
1881 0.023091554641723633 1.0 1
1883 0.06574606895446777 1.0 1
1885 0.020911455154418945 1.0 1
1886 0.019739151000976562 1.0 1
1910 0.0210263729095459 1.0 1
1912 0.021186351776123047 1.0 1
1913 0.020255088806152344 1.0 1
1915 0.01978302001953125 1.0 1
1917 0.019481658935546875 1.0 1
1937 0.017417430877685547 1.0 1
1938 0.02302694320678711 1.0 1
1940 0.05150437355041504 1.0 1
1941 0.022543668746948242 1.0 1
1942 0.07348752021789551 1.0 1
1967 0.052032470703125 1.0 1
1968 0.07833099365234375 1.0 1
1970 0.10103273391723633 1.0 1
1971 0.018894672393798828 1.0 1
1973 0.0831606388092041 1.0 1
1995 0.03221631050109863 1.0 1
1997 0.020781278610229492 1.0 1
1998 0.02463078498840332 1.0 1
1999 0.05033159255981445 1.0 1
2001 0.023396968841552734 1.0 1
2026 0.02252197265625 1.0 1
2028 0.022883176803588867 1.0 1
2029 0.02122211456298828 1.0 1
2030 0.06904435157775879 1.0 1
2031 0.10446810722351074 1.0 1
2058 0.053856611251831055 1.0 1
2060 0.022162437438964844 1.0 1
2061 0.0206906795501709 1.0 1
2063 0.02451920509338379 1.0 1
2065 0.02776050567626953 1.0 1
2088 0.025204181671142578 1.0 1
2090 0.0704493522644043 1.0 1
2092 0.021691322326660156 1.0 1
2093 0.09105396270751953 1.0 1
2095 0.17911624908447266 1.0 1
2118 0.07111883163452148 1.0 1
2120 0.021321773529052734 1.0 1
2121 0.020308256149291992 1.0 1
2123 0.0491948127746582 1.0 1
2124 0.035475969314575195 1.0 1
2147 0.025339365005493164 1.0 1
2149 0.020488262176513672 1.0 1
2151 0.017539024353027344 1.0 1
2152 0.018740177154541016 1.0 1
2154 0.022538185119628906 1.0 1
2178 0.01726984977722168 1.0 1
2179 0.019193649291992188 1.0 1
2181 0.022779226303100586 1.0 1
2183 0.021567583084106445 1.0 1
2184 0.021218061447143555 1.0 1
2207 0.024867534637451172 1.0 1
2209 0.02445530891418457 1.0 1
2210 0.06859374046325684 1.0 1
2212 0.023682117462158203 1.0 1
2213 0.056041717529296875 1.0 1
2237 0.03234529495239258 1.0 1
2238 0.09820413589477539 1.0 1
2240 0.020064353942871094 1.0 1
2241 0.020160198211669922 1.0 1
2243 0.05250906944274902 1.0 1
2267 0.07188010215759277 1.0 1
2269 0.021600723266601562 1.0 1
2270 0.06774210929870605 1.0 1
2272 0.023599624633789062 1.0 1
2273 0.07263445854187012 1.0 1
2297 0.04403567314147949 1.0 1
2299 0.022728919982910156 1.0 1
2300 0.06051039695739746 1.0 1
2302 0.025574207305908203 1.0 1
2303 0.08472394943237305 1.0 1
2327 0.10336995124816895 1.0 1
2329 0.02245020866394043 1.0 1
2330 0.020992279052734375 1.0 1
2331 0.05047917366027832 1.0 1
2333 0.01880478858947754 1.0 1
2357 0.021381616592407227 1.0 1
2359 0.021048784255981445 1.0 1
2360 0.018535375595092773 1.0 1
2362 0.023425817489624023 1.0 1
2363 0.08778572082519531 1.0 1
2386 0.02249002456665039 1.0 1
2388 0.03126645088195801 1.0 1
2389 0.019046545028686523 1.0 1
2391 0.021569490432739258 1.0 1
2393 0.0486607551574707 1.0 1
2418 0.03890490531921387 1.0 1
2419 0.09157013893127441 1.0 1
2421 0.022788286209106445 1.0 1
2423 0.05529427528381348 1.0 1
2424 0.023079395294189453 1.0 1
2448 0.02875065803527832 1.0 1
2449 0.020274639129638672 1.0 1
2451 0.021436691284179688 1.0 1
2452 0.042421579360961914 1.0 1
2454 0.09015989303588867 1.0 1
2477 0.022796154022216797 1.0 1
2478 0.020268678665161133 1.0 1
2480 0.02329874038696289 1.0 1
2481 0.01964712142944336 1.0 1
2483 0.02253246307373047 1.0 1
2507 0.1663520336151123 1.0 1
2509 0.02118825912475586 1.0 1
2510 0.02120184898376465 1.0 1
2512 0.022353410720825195 1.0 1
2513 0.03366851806640625 1.0 1
2535 0.022716283798217773 1.0 1
2536 0.05391669273376465 1.0 1
2537 0.09527111053466797 1.0 1
2538 0.07933473587036133 1.0 1
2540 0.023816585540771484 1.0 1
2565 0.14087963104248047 1.0 1
2566 0.021371126174926758 1.0 1
2567 0.07024264335632324 1.0 1
2568 0.03548789024353027 1.0 1
2570 0.06162071228027344 1.0 1
2594 0.09149479866027832 1.0 1
2595 0.020749330520629883 1.0 1
2596 0.0692281723022461 1.0 1
2598 0.021247148513793945 1.0 1
2599 0.02362060546875 1.0 1
2623 0.06631612777709961 1.0 1
2624 0.09672141075134277 1.0 1
2625 0.023189306259155273 1.0 1
2627 0.022241592407226562 1.0 1
2628 0.05452895164489746 1.0 1
2655 0.020630359649658203 1.0 1
2657 0.020777463912963867 1.0 1
2658 0.05963706970214844 1.0 1
2660 0.021775245666503906 1.0 1
2661 0.0834496021270752 1.0 1
2686 0.024370431900024414 1.0 1
2688 0.0221250057220459 1.0 1
2689 0.06668591499328613 1.0 1
2691 0.018747568130493164 1.0 1
2692 0.08014273643493652 1.0 1
2717 0.04641127586364746 1.0 1
2718 0.020427703857421875 1.0 1
2720 0.06812810897827148 1.0 1
2722 0.020061969757080078 1.0 1
2723 0.02182626724243164 1.0 1
2747 0.021250247955322266 1.0 1
2748 0.09197306632995605 1.0 1
2750 0.012306928634643555 1.0 1
2752 0.022123336791992188 1.0 1
2753 0.06883907318115234 1.0 1
2778 0.05323076248168945 1.0 1
2780 0.08501458168029785 1.0 1
2781 0.0246121883392334 1.0 1
2783 0.07358717918395996 1.0 1
2784 0.020263195037841797 1.0 1
2809 0.030173301696777344 1.0 1
2810 0.022797346115112305 1.0 1
2812 0.032155513763427734 1.0 1
2814 0.030328035354614258 1.0 1
2816 0.09134078025817871 1.0 1
2840 0.07311797142028809 1.0 1
2842 0.023279428482055664 1.0 1
2845 0.020831823348999023 1.0 1
2846 0.048598289489746094 1.0 1
2848 0.016478538513183594 1.0 1
2870 0.020512819290161133 1.0 1
2872 0.029163599014282227 1.0 1
2874 0.019085168838500977 1.0 1
2876 0.020053386688232422 1.0 1
2877 0.02063775062561035 1.0 1
2902 0.021912574768066406 1.0 1
2905 0.02281975746154785 1.0 1
2907 0.022344589233398438 1.0 1
2909 0.021416187286376953 1.0 1
2911 0.034302473068237305 1.0 1
2935 0.053304433822631836 1.0 1
2937 0.019912004470825195 1.0 1
2940 0.020465373992919922 1.0 1
2942 0.018595457077026367 1.0 1
2945 0.022549867630004883 1.0 1
3000 0.020481109619140625 1.0 1
3003 0.06082916259765625 1.0 1
3004 0.01997828483581543 1.0 1
3006 0.02160787582397461 1.0 1
3008 0.021203994750976562 1.0 1
3059 0.02085709571838379 1.0 1
3062 0.18272972106933594 1.0 1
3065 0.02147960662841797 1.0 1
3069 0.02101302146911621 1.0 1
3072 0.02204155921936035 1.0 1
3124 0.022698640823364258 1.0 1
3127 0.046224117279052734 1.0 1
3130 0.023509979248046875 1.0 1
3134 0.023044109344482422 1.0 1
3137 0.02234196662902832 1.0 1
3185 0.021567821502685547 1.0 1
3188 0.020862579345703125 1.0 1
3190 0.02243185043334961 1.0 1
3193 0.022626876831054688 1.0 1
3196 0.023687362670898438 1.0 1
3241 0.021540403366088867 1.0 1
3243 0.03797793388366699 1.0 1
3246 0.0835731029510498 1.0 1
3248 0.09049463272094727 1.0 1
3250 0.021507740020751953 1.0 1
3293 0.01891326904296875 1.0 1
3295 0.10759830474853516 1.0 1
3298 0.04042840003967285 1.0 1
3300 0.060428619384765625 1.0 1
3301 0.02092146873474121 1.0 1
3321 0.020424842834472656 1.0 1
3323 0.05346393585205078 1.0 1
3325 0.02287459373474121 1.0 1
3326 0.04799652099609375 1.0 1
3328 0.020275354385375977 1.0 1
3349 0.039492130279541016 1.0 1
3350 0.021200895309448242 1.0 1
3352 0.06486368179321289 1.0 1
3354 0.022733688354492188 1.0 1
3355 0.023289203643798828 1.0 1
3376 0.09035563468933105 1.0 1
3377 0.02503371238708496 1.0 1
3378 0.020357131958007812 1.0 1
3380 0.022223711013793945 1.0 1
3381 0.11900043487548828 1.0 1
3406 0.022103548049926758 1.0 1
3407 0.09279584884643555 1.0 1
3409 0.021225690841674805 1.0 1
3410 0.020096540451049805 1.0 1
3411 0.019355058670043945 1.0 1
3435 0.022243499755859375 1.0 1
3436 0.02038288116455078 1.0 1
3437 0.0433042049407959 1.0 1
3439 0.0917658805847168 1.0 1
3440 0.018105506896972656 1.0 1
3464 0.14662933349609375 1.0 1
3466 0.018713712692260742 1.0 1
3467 0.06696534156799316 1.0 1
3469 0.21384096145629883 1.0 1
3470 0.022014379501342773 1.0 1
3497 0.020476341247558594 1.0 1
3499 0.07943439483642578 1.0 1
3501 0.08939456939697266 1.0 1
3502 0.02536940574645996 1.0 1
3503 0.08635640144348145 1.0 1
3527 0.050237417221069336 1.0 1
3528 0.020529985427856445 1.0 1
3529 0.08352994918823242 1.0 1
3531 0.10243439674377441 1.0 1
3532 0.07555484771728516 1.0 1
3558 0.04822039604187012 1.0 1
3560 0.02588176727294922 1.0 1
3561 0.02281045913696289 1.0 1
3563 0.045135498046875 1.0 1
3564 0.08971738815307617 1.0 1
3587 0.021409988403320312 1.0 1
3589 0.05834507942199707 1.0 1
3591 0.022054433822631836 1.0 1
3592 0.06278300285339355 1.0 1
3594 0.023720264434814453 1.0 1
3602 0.08632850646972656 1.0 1
3602 0.00529789924621582 1.0 1
3602 0.005320549011230469 1.0 1
3602 0.00597691535949707 1.0 1
3602 0.0054819583892822266 1.0 1
