0 137.14934182167053 0.20 
0 140.07927680015564 0.08 
0 141.97940230369568 0.24 
0 144.02445483207703 0.41 
1 145.98950242996216 0.19 
1 184.321142911911 0.39 
2 186.3421185016632 0.61 
3 188.3605465888977 0.95 
4 190.37902069091797 0.53 
5 192.4009690284729 0.98 
6 194.4127094745636 0.71 
7 196.42852020263672 0.51 
8 198.53514099121094 0.37 
9 200.55775380134583 0.38 
9 202.53495860099792 0.34 
9 204.58813071250916 0.29 
10 206.57083535194397 0.31 
10 208.60233068466187 0.62 
11 210.6541473865509 0.59 
11 212.9952597618103 0.20 
11 215.72203969955444 0.37 
12 217.7659842967987 0.39 
12 219.74965000152588 0.47 
13 222.78374528884888 0.44 
13 224.8772428035736 0.53 
13 226.8160057067871 0.39 
14 228.94263792037964 0.54 
14 230.90708255767822 0.36 
14 232.87997817993164 0.46 
15 234.92067909240723 0.35 
15 236.8918309211731 0.43 
15 238.93763494491577 0.62 
16 241.0529444217682 0.55 
16 242.99002981185913 0.65 
17 244.98695135116577 0.51 
17 247.17876720428467 0.34 
17 250.28670263290405 0.55 
18 253.08664989471436 0.54 
18 255.1977663040161 0.61 
18 257.1969156265259 0.44 
19 259.17508697509766 0.49 
19 261.2514729499817 0.43 
19 263.3082084655762 0.49 
20 265.3592529296875 0.32 
20 267.2767210006714 0.44 
20 269.28785395622253 0.33 
21 271.33455061912537 0.62 
21 273.5188133716583 0.45 
21 276.33882570266724 0.50 
22 278.4324560165405 0.34 
22 280.4728488922119 0.68 
22 283.5367953777313 0.30 
23 285.4498887062073 0.53 
23 287.5415053367615 0.60 
23 289.6041693687439 0.62 
24 291.5333995819092 0.53 
24 293.67769980430603 0.31 
24 295.503525018692 0.33 
25 297.7629473209381 0.25 
25 300.6322135925293 0.11 
25 302.6573190689087 0.37 
25 304.55574798583984 1.02 
26 306.74288296699524 0.54 
26 309.6844160556793 0.27 
26 311.821679353714 0.18 
27 313.80045795440674 0.29 
27 316.7876250743866 0.37 
27 318.7651882171631 0.55 
28 320.7454652786255 0.39 
28 322.8745243549347 0.44 
28 324.9478452205658 0.51 
28 326.9432830810547 0.44 
29 328.88735842704773 0.83 
29 330.83695793151855 0.30 
29 332.9626896381378 0.33 
30 335.0574698448181 0.28 
30 337.9419209957123 0.42 
30 339.9850413799286 0.70 
31 341.852246761322 1.47 
92 1267.1869051456451 2.45 
93 1269.2067201137543 2.65 
94 1271.22754073143 2.48 
95 1273.245421886444 2.71 
97 1275.273814201355 2.48 
98 1277.3036391735077 3.19 
99 1279.3240110874176 2.62 
101 1281.349586725235 3.10 
102 1283.3711063861847 3.04 
103 1285.3982157707214 2.79 
105 1287.4189128875732 2.72 
106 1289.443397283554 3.18 
108 1291.4660675525665 3.47 
109 1293.4882452487946 2.49 
110 1295.5095970630646 2.91 
112 1297.5335280895233 3.49 
113 1299.5602247714996 2.28 
115 1301.589612007141 3.34 
116 1303.6088705062866 3.30 
118 1305.6383974552155 2.49 
119 1307.669333934784 2.89 
120 1309.6900355815887 2.78 
122 1311.7998569011688 2.75 
151 1820.8300635814667 2.10 
182 2329.0222747325897 2.36 
212 2747.2884261608124 2.64 
242 3160.28941655159 1.88 
272 3488.599889278412 1.95 
274 3490.6144185066223 2.16 
275 3492.6263229846954 2.61 
277 3494.637806892395 2.44 
279 3496.651496887207 3.00 
280 3498.6661036014557 1.91 
282 3500.6798923015594 2.01 
283 3502.690504550934 2.22 
285 3504.708606481552 2.12 
286 3506.72297167778 1.92 
288 3508.738267183304 2.61 
290 3510.7532312870026 2.57 
291 3512.7789165973663 2.20 
292 3514.794503927231 1.50 
293 3516.806934595108 2.25 
295 3518.820925951004 2.18 
296 3520.8348348140717 1.69 
298 3522.846752643585 2.59 
300 3524.868975877762 2.27 
302 3526.8818345069885 2.09 
303 3528.8945741653442 1.60 
305 3530.914732694626 0.89 
306 3532.9729595184326 0.71 
306 3535.0284435749054 0.53 
307 3537.090272426605 0.37 
308 3539.076401233673 0.48 
308 3541.0446441173553 0.19 
308 3543.2146303653717 0.43 
309 3545.1859233379364 0.70 
309 3547.165613889694 0.41 
310 3549.1626167297363 0.40 
310 3551.1529202461243 0.29 
311 3553.197676181793 0.29 
311 3555.1589357852936 0.34 
312 3557.164261341095 0.41 
312 3559.168635368347 0.38 
313 3561.2638080120087 0.50 
313 3563.187694787979 0.73 
314 3565.2067737579346 0.41 
314 3567.230603456497 0.71 
315 3569.289298772812 0.27 
315 3571.319244861603 0.37 
316 3573.32506775856 0.29 
316 3575.358443260193 0.40 
317 3577.555183172226 0.53 
317 3580.5711500644684 0.54 
318 3582.3903415203094 0.26 
318 3584.4333000183105 0.31 
319 3586.3887708187103 0.32 
319 3588.429885864258 0.30 
320 3590.401446580887 0.89 
320 3592.452633857727 0.51 
321 3594.4633390903473 0.22 
321 3596.478462457657 0.42 
322 3598.5428006649017 0.54 
322 3600.5634734630585 0.38 
323 3603.5621945858 0.48 
323 3605.554414510727 0.33 
324 3607.6315608024597 0.47 
325 3609.5953669548035 0.38 
325 3611.709819316864 0.60 
326 3613.6165437698364 0.63 
326 3615.6852791309357 0.28 
327 3617.6256773471832 0.31 
327 3619.7936651706696 0.41 
327 3621.663789510727 0.31 
328 3623.7017798423767 0.24 
328 3625.6891338825226 0.42 
329 3627.77365899086 0.46 
330 3630.684421300888 0.52 
330 3632.725677728653 0.26 
330 3635.0499341487885 0.32 
332 3637.710122346878 0.69 
333 3639.7304520606995 1.24 
334 3641.7384514808655 0.73 
336 3643.751454591751 1.29 
337 3645.7664313316345 1.31 
339 3647.780327796936 1.25 
341 3649.796362876892 0.96 
343 3651.8078384399414 0.95 
344 3653.8178951740265 1.21 
345 3655.8358097076416 1.42 
347 3657.8476207256317 1.32 
349 3659.8628058433533 1.44 
350 3661.8757824897766 1.00 
352 3663.8883938789368 1.72 
354 3665.9021899700165 1.32 
356 3667.915542125702 1.18 
357 3669.934079170227 0.98 
358 3671.9490921497345 1.16 
360 3673.9629697799683 0.89 
362 3675.9809498786926 0.85 
363 3677.995450735092 1.01 
365 3680.0214290618896 1.18 
366 3682.1143045425415 0.24 
367 3684.1459410190582 0.33 
367 3686.1330828666687 0.43 
368 3688.1342124938965 0.45 
369 3690.155355453491 0.40 
369 3692.2303688526154 0.36 
370 3694.187881708145 0.20 
370 3696.2799043655396 0.41 
371 3698.2611348629 0.52 
372 3700.296952009201 0.24 
372 3702.2261044979095 0.32 
373 3705.512542247772 0.21 
373 3708.596983909607 0.22 
374 3711.532611846924 0.33 
375 3713.3421630859375 0.71 
375 3715.321638584137 0.47 
376 3717.5078868865967 0.29 
376 3719.343891143799 0.39 
377 3721.429375886917 0.46 
378 3723.422617673874 0.38 
378 3725.4287843704224 0.43 
379 3727.471809387207 0.43 
380 3729.4862039089203 0.38 
380 3731.520272731781 0.25 
381 3733.954015493393 0.41 
382 3736.5352866649628 0.58 
382 3738.515061378479 0.41 
383 3740.663218021393 0.58 
384 3742.543680906296 0.72 
384 3744.609840631485 0.29 
385 3746.6308178901672 0.30 
386 3749.699795484543 0.37 
387 3752.603358745575 0.46 
387 3754.8195481300354 0.48 
388 3756.7975249290466 0.50 
388 3758.748669862747 0.26 
389 3760.867701768875 0.36 
390 3762.733870744705 0.46 
390 3764.720644235611 0.29 
391 3766.655538082123 0.36 
423 3896.6217374801636 0.73 
454 4000.306535959244 0.78 
455 4002.321489572525 1.08 
457 4004.3346226215363 0.50 
459 4006.3556089401245 1.05 
461 4008.3660900592804 1.12 
462 4010.381989955902 0.75 
464 4012.400745868683 0.72 
466 4014.4163024425507 0.81 
468 4016.4279935359955 0.77 
470 4018.443065881729 1.07 
472 4020.4616906642914 0.94 
473 4022.483644247055 0.67 
475 4024.4959375858307 0.65 
476 4026.5096337795258 0.70 
478 4028.523503303528 0.84 
479 4030.5448954105377 0.72 
481 4032.5579493045807 0.84 
483 4034.5716581344604 0.77 
484 4036.583637237549 0.34 
484 4038.600140094757 0.43 
486 4040.612445831299 0.64 
488 4042.6265790462494 0.42 
489 4044.75625538826 0.42 
490 4046.7526576519012 0.28 
490 4048.856656551361 0.27 
491 4050.758914709091 0.44 
492 4052.854949235916 0.41 
493 4055.1263818740845 0.25 
493 4057.9381008148193 0.20 
494 4059.8822917938232 0.27 
495 4061.844232559204 0.36 
495 4063.885577440262 0.31 
496 4065.938719511032 0.21 
496 4067.991698026657 0.25 
498 4071.2385296821594 0.32 
498 4073.907275915146 0.26 
499 4075.9496948719025 0.17 
499 4077.940582036972 0.28 
500 4080.145857810974 0.14 
500 4082.981902360916 0.81 
501 4085.0378279685974 0.23 
502 4087.0133159160614 0.31 
503 4089.049838781357 0.43 
504 4091.0362210273743 0.43 
505 4093.2161116600037 0.35 
506 4095.3114607334137 0.31 
506 4097.134224414825 0.38 
507 4099.375908136368 0.18 
508 4102.201936483383 0.33 
509 4104.152612447739 0.28 
509 4106.180715560913 0.49 
510 4108.374378681183 0.37 
513 4111.11868262291 0.71 
515 4113.135343551636 0.60 
517 4115.151198387146 0.85 
519 4117.1672706604 0.84 
521 4119.17930150032 1.24 
523 4121.193465709686 0.78 
524 4123.208291053772 0.61 
526 4125.222955703735 0.55 
527 4127.235641717911 0.58 
530 4129.25027513504 0.96 
531 4131.266022443771 0.63 
533 4133.284695386887 0.79 
534 4135.298585176468 0.42 
535 4137.310755491257 0.76 
537 4139.325598955154 0.59 
539 4141.340522289276 0.63 
540 4143.353053569794 0.73 
541 4145.367879152298 0.68 
542 4147.383818864822 0.55 
544 4149.401466369629 0.84 
546 4151.413991928101 1.02 
547 4153.428265333176 0.77 
548 4155.551114082336 0.43 
549 4157.507769823074 0.31 
549 4159.539030075073 0.19 
550 4161.793604373932 0.12 
551 4164.856343746185 0.24 
552 4167.6181473731995 0.51 
552 4169.677919387817 0.34 
553 4171.628263711929 0.40 
553 4173.812703847885 0.17 
554 4176.724186658859 0.05 
555 4178.688379764557 0.27 
555 4180.9720723629 0.48 
556 4183.786969423294 0.34 
557 4185.8997802734375 0.22 
557 4187.903703212738 0.35 
558 4190.0103170871735 0.27 
559 4192.804199695587 0.16 
560 4194.921691417694 0.23 
560 4196.811031341553 0.29 
561 4198.8380336761475 0.42 
561 4200.931785583496 0.19 
562 4203.009349346161 0.33 
562 4204.901945590973 0.23 
563 4207.041157007217 0.58 
564 4208.992568254471 0.43 
564 4210.923319578171 0.34 
565 4213.002395391464 0.15 
565 4215.128437042236 0.42 
566 4216.990267753601 0.19 
567 4218.971213817596 0.30 
568 4221.0445437431335 0.45 
568 4222.998385667801 0.36 
569 4225.095247268677 0.28 
569 4227.025663852692 0.28 
570 4229.081373214722 0.20 
570 4231.032956600189 0.33 
572 4233.035824537277 0.66 
602 4373.007247209549 0.98 
604 4375.013957977295 0.93 
606 4377.029670953751 0.92 
607 4379.043729066849 1.10 
609 4381.058813333511 0.64 
610 4383.07496380806 1.19 
611 4385.08834028244 0.44 
613 4387.105833292007 1.46 
614 4389.120987415314 0.59 
616 4391.13384270668 0.86 
617 4393.149266958237 0.70 
619 4395.165120601654 1.17 
620 4397.180150508881 0.79 
622 4399.1952040195465 0.96 
623 4401.215167284012 0.99 
624 4403.232438087463 0.91 
626 4405.244884252548 0.79 
628 4407.263277292252 1.01 
629 4409.278835773468 0.94 
630 4411.292680263519 0.40 
631 4413.310351133347 1.06 
632 4415.322756290436 1.28 
633 4417.441400766373 0.25 
634 4419.449338436127 0.44 
634 4421.417181968689 0.29 
635 4423.4382836818695 0.45 
635 4425.505415678024 0.08 
635 4427.464043855667 0.26 
636 4429.4752202034 0.34 
636 4431.571682214737 0.47 
637 4433.897116184235 0.35 
638 4436.555715084076 0.17 
638 4439.695511579514 0.17 
639 4442.845240354538 0.31 
639 4445.678812980652 0.26 
640 4447.765828132629 0.49 
641 4449.6590802669525 0.23 
641 4452.672000646591 0.19 
642 4454.699423313141 0.50 
642 4456.6927609443665 0.33 
643 4458.776497840881 0.32 
643 4460.766263961792 0.32 
644 4462.8750541210175 0.44 
644 4464.778151512146 0.26 
645 4466.774560928345 0.26 
645 4468.748410701752 0.30 
646 4470.790274143219 0.34 
647 4472.833274126053 0.51 
647 4475.026704311371 0.64 
648 4477.860494852066 0.34 
649 4479.85871720314 0.37 
649 4481.847641468048 0.21 
650 4483.94038105011 0.52 
650 4485.868653297424 0.13 
650 4487.970995903015 0.53 
651 4490.010503292084 0.21 
651 4491.959301710129 0.33 
652 4494.028142213821 0.27 
652 4495.960019350052 0.24 
653 4499.036216974258 0.34 
654 4501.2726719379425 0.36 
654 4504.007314682007 0.32 
655 4506.06142449379 0.69 
655 4508.059134721756 0.57 
656 4510.110810041428 0.24 
657 4512.090758800507 0.43 
657 4514.1906015872955 0.18 
657 4516.134345531464 0.22 
658 4518.845460891724 0.19 
658 4521.683439731598 0.31 
659 4524.302660226822 0.33 
659 4526.203144073486 0.30 
660 4528.351236581802 0.38 
660 4530.289818763733 0.35 
661 4532.174778699875 0.83 
662 4534.195182323456 1.28 
664 4536.204564809799 0.89 
665 4538.217926502228 1.02 
666 4540.23206615448 0.81 
667 4542.24702501297 1.05 
668 4544.261917114258 0.97 
669 4546.275662899017 0.64 
670 4548.292551279068 1.13 
671 4550.30563378334 1.03 
672 4552.321608543396 1.01 
673 4554.333597660065 0.83 
674 4556.349901437759 1.17 
675 4558.37197804451 0.61 
676 4560.389148235321 1.08 
677 4562.407487869263 1.14 
678 4564.418743848801 0.74 
679 4566.433984279633 1.14 
681 4568.447323799133 0.89 
682 4570.464719295502 0.88 
683 4572.480099439621 1.30 
684 4574.495577335358 1.25 
685 4576.541191101074 0.67 
685 4578.596522331238 0.25 
686 4580.9275369644165 0.27 
686 4583.652842283249 0.38 
686 4585.963088274002 0.29 
687 4588.724857568741 0.32 
687 4590.766928434372 0.45 
688 4592.7179844379425 0.65 
688 4594.825349807739 0.31 
689 4596.820645809174 0.29 
689 4598.789032936096 0.39 
689 4600.797243833542 0.29 
690 4602.784504413605 0.49 
690 4604.815410614014 0.39 
690 4606.808819055557 0.32 
691 4608.7795951366425 0.78 
723 4886.746643304825 0.95 
752 5197.7261753082275 1.79 
753 5199.747710227966 1.36 
754 5201.767758131027 1.51 
756 5203.789211988449 1.23 
757 5205.810449123383 1.96 
758 5207.8277106285095 1.25 
759 5209.958491563797 1.02 
761 5211.980912446976 1.31 
763 5214.001459121704 0.12 
764 5216.017140626907 0.06 
765 5218.0422468185425 0.06 
765 5220.063365459442 0.05 
766 5222.086068868637 0.07 
767 5224.102555274963 0.06 
769 5226.119304180145 0.06 
770 5228.144965648651 0.13 
772 5230.164295911789 0.06 
772 5232.185612916946 0.05 
773 5234.203446626663 0.07 
774 5236.223112344742 0.05 
775 5238.24493765831 0.10 
776 5240.266335725784 0.09 
777 5242.3779146671295 0.07 
777 5244.364641427994 0.06 
778 5246.390160560608 0.08 
778 5248.399075746536 0.10 
779 5250.427284479141 0.07 
780 5252.475031137466 0.06 
780 5254.450361251831 0.06 
782 5256.417399406433 0.06 
783 5258.439067840576 0.10 
784 5260.457825899124 0.06 
785 5262.477246761322 0.06 
787 5264.4985411167145 0.06 
788 5266.521266222 0.07 
790 5268.539313316345 0.09 
791 5270.561002254486 0.06 
792 5272.581436872482 0.07 
794 5274.682646512985 0.07 
795 5276.67276096344 0.06 
795 5278.693541765213 0.09 
796 5280.722260475159 0.05 
797 5282.738649606705 0.05 
797 5284.749016046524 0.05 
798 5286.768445014954 0.07 
798 5288.783774137497 0.09 
799 5290.80811047554 0.06 
800 5292.838931083679 0.06 
800 5294.863134145737 0.05 
801 5296.870818376541 0.05 
801 5298.887823581696 0.16 
802 5300.993315458298 0.21 
802 5303.125456094742 0.19 
802 5305.0022530555725 0.22 
803 5307.058314323425 0.12 
803 5309.201419830322 0.29 
803 5312.2626395225525 0.30 
804 5315.174669981003 0.69 
804 5317.081898927689 0.15 
804 5319.162108421326 0.38 
804 5321.1452469825745 0.42 
805 5323.335433006287 0.37 
805 5326.24541592598 0.47 
806 5328.4602863788605 0.59 
806 5331.284544706345 0.44 
806 5333.5525596141815 0.44 
807 5336.433230400085 0.39 
807 5338.378625631332 0.28 
807 5340.526268720627 0.33 
808 5343.39718413353 0.40 
808 5345.889066934586 0.24 
808 5348.411071777344 0.77 
809 5350.514825344086 0.27 
809 5352.62305855751 0.31 
810 5355.799449205399 0.43 
810 5358.505647182465 0.45 
810 5360.503863573074 0.51 
811 5362.444829463959 1.28 
812 5364.46561050415 0.88 
813 5366.492421865463 1.02 
814 5368.506740808487 0.92 
814 5370.523913145065 1.08 
815 5372.545553684235 1.08 
816 5374.714880943298 1.23 
817 5376.726093053818 0.86 
818 5378.743311882019 1.43 
819 5380.75807595253 1.21 
819 5382.773461341858 0.94 
820 5384.7901263237 1.21 
821 5386.800172328949 1.78 
822 5388.814952135086 1.24 
823 5390.833870172501 1.46 
824 5392.849145650864 1.88 
826 5394.862743854523 1.44 
826 5396.876172065735 0.91 
827 5398.892392873764 1.47 
829 5400.906939506531 1.76 
830 5402.920186281204 1.59 
831 5404.93549990654 0.88 
831 5407.001260042191 1.21 
832 5409.021456003189 1.30 
833 5411.048456430435 1.06 
833 5413.144104480743 0.62 
834 5415.196985960007 0.32 
834 5417.097824573517 0.47 
834 5419.0928366184235 0.44 
835 5421.119444131851 0.34 
835 5423.120124340057 0.63 
835 5425.121762275696 0.61 
836 5427.255263805389 0.39 
836 5429.311664819717 0.12 
836 5432.430021762848 0.54 
837 5435.287641525269 0.45 
837 5437.330588817596 0.59 
837 5439.271966457367 0.38 
838 5441.38355755806 0.42 
838 5443.296932697296 0.49 
838 5445.415199995041 0.27 
839 5447.544678926468 0.77 
839 5450.329670667648 0.56 
840 5452.400679111481 0.24 
840 5455.369627714157 0.34 
840 5457.379622936249 0.54 
842 5459.324034452438 0.98 
843 5461.348648309708 1.67 
845 5463.366360902786 0.93 
845 5465.388235092163 0.49 
847 5467.411695718765 0.98 
848 5469.427420139313 0.84 
849 5471.444928407669 0.63 
850 5473.463299751282 1.07 
851 5475.4831166267395 1.24 
853 5477.5039122104645 0.79 
854 5479.52188205719 0.76 
855 5481.541598081589 0.58 
856 5483.56266617775 0.70 
857 5485.580842971802 0.94 
858 5487.601455211639 0.76 
860 5489.622748851776 0.99 
861 5491.6350038051605 0.76 
863 5493.659786939621 0.84 
865 5495.683043718338 1.25 
866 5497.701825141907 1.32 
868 5499.72268986702 1.40 
869 5501.741938114166 0.91 
870 5503.834482908249 0.70 
871 5505.783645868301 0.59 
872 5507.805895090103 0.68 
873 5509.9167737960815 0.78 
874 5511.9498925209045 0.50 
875 5513.932393789291 0.45 
875 5515.966675519943 0.39 
876 5517.9850788116455 0.25 
876 5519.989008665085 0.53 
877 5522.009730100632 0.53 
878 5524.0049369335175 0.58 
879 5526.038515090942 0.49 
879 5528.055227279663 0.37 
880 5530.082627773285 0.78 
881 5532.103526592255 0.55 
881 5534.118848323822 0.50 
882 5536.17253947258 0.48 
883 5538.181094646454 0.43 
883 5540.214985847473 0.46 
884 5542.228323698044 0.36 
884 5544.241020202637 0.38 
885 5546.277957201004 0.37 
885 5548.267126560211 0.56 
886 5550.292834997177 0.47 
886 5552.346913814545 0.29 
886 5554.43661570549 0.30 
886 5556.392370462418 0.39 
887 5558.610175609589 0.60 
887 5561.483899831772 0.32 
888 5563.58926153183 0.46 
888 5565.565817832947 0.47 
888 5567.5533328056335 0.43 
889 5569.561597824097 0.32 
889 5571.654702425003 0.50 
889 5573.553482532501 0.38 
889 5575.64844584465 0.46 
890 5577.622862577438 0.45 
890 5579.739728689194 0.87 
890 5581.734047651291 0.68 
891 5583.690164804459 0.42 
891 5585.788549184799 0.56 
892 5587.696967840195 0.48 
892 5590.728623151779 0.23 
892 5592.83639383316 0.30 
893 5594.767265558243 0.51 
893 5596.884930849075 0.39 
893 5598.82492184639 0.55 
894 5600.780484199524 0.74 
894 5602.870001792908 0.51 
894 5604.880652189255 0.16 
894 5606.938350200653 0.26 
895 5609.02667427063 0.70 
895 5610.959603071213 0.33 
896 5612.931236028671 0.53 
896 5615.177978038788 0.43 
896 5618.208871841431 0.43 
897 5621.006394147873 0.30 
897 5623.0473210811615 0.48 
897 5625.228873252869 0.70 
898 5628.075933933258 0.36 
898 5630.0922882556915 0.95 
899 5632.506155252457 0.59 
899 5635.13668346405 0.52 
899 5637.219444036484 0.55 
900 5639.235943317413 0.49 
900 5641.513354063034 0.62 
901 5644.119548797607 0.44 
932 5971.48629283905 2.64 
934 5973.497615337372 2.18 
935 5975.51330780983 2.08 
937 5977.525117635727 2.29 
938 5979.539878129959 1.86 
940 5981.557666063309 2.03 
942 5983.565730333328 2.26 
943 5985.5762939453125 1.65 
945 5987.59620308876 1.72 
946 5989.608131408691 2.56 
948 5991.621036291122 1.77 
950 5993.6361656188965 1.98 
951 5995.654017448425 2.13 
953 5997.665923833847 2.12 
954 5999.68127822876 2.37 
956 6001.69552898407 1.81 
958 6003.71210360527 2.11 
959 6005.725160360336 1.69 
961 6007.744466781616 1.39 
963 6009.7574899196625 2.66 
964 6011.776328325272 1.81 
966 6013.793146848679 2.27 
967 6015.848561525345 1.40 
968 6017.88393497467 0.51 
968 6019.906090259552 0.74 
968 6021.913576602936 0.46 
969 6024.077417850494 0.60 
969 6026.109025716782 0.33 
970 6029.133035182953 0.62 
970 6031.195694684982 0.38 
970 6034.131902694702 0.54 
971 6036.266615390778 0.57 
971 6039.088855266571 0.45 
972 6041.071402549744 0.27 
972 6043.1013379096985 0.26 
972 6045.099994421005 0.38 
972 6047.159574270248 0.49 
973 6049.148144006729 0.33 
973 6051.1475467681885 0.40 
974 6053.23153924942 0.57 
974 6055.182943344116 0.33 
974 6057.176780462265 0.39 
975 6059.539273023605 0.43 
975 6062.196549415588 0.41 
975 6064.296887397766 0.65 
976 6066.242606163025 0.45 
976 6068.413121461868 0.39 
977 6070.547070503235 0.21 
977 6073.343763589859 0.75 
978 6075.294245004654 0.65 
978 6077.4946048259735 0.64 
979 6079.359653711319 0.41 
979 6081.324122428894 0.49 
979 6083.498487472534 0.62 
980 6086.407354593277 0.46 
980 6088.411327362061 0.66 
981 6090.679694890976 0.34 
981 6093.611959218979 0.65 
982 6096.595726013184 0.46 
982 6098.511744022369 0.85 
982 6100.573287725449 0.43 
983 6103.531774282455 0.37 
983 6105.607107639313 0.58 
984 6107.560717821121 0.52 
984 6109.778284311295 0.56 
985 6111.641518115997 0.41 
985 6113.611741304398 0.74 
985 6115.807620763779 0.39 
986 6118.702735185623 0.37 
986 6120.780643939972 0.52 
986 6122.852999925613 0.54 
987 6124.852853775024 0.30 
987 6128.031444311142 0.39 
988 6130.910054683685 0.49 
988 6132.761132001877 0.45 
988 6134.756345748901 0.49 
989 6136.819217205048 0.45 
989 6138.77303481102 0.39 
990 6140.83952832222 0.63 
990 6142.805248498917 0.32 
990 6144.83087515831 0.49 
991 6146.7713971138 0.41 
993 6148.785437583923 2.03 
994 6150.805619239807 1.88 
996 6152.819010972977 2.18 
998 6154.8349022865295 1.91 
999 6156.85044670105 1.72 
1001 6158.863635778427 2.02 
1003 6160.882156133652 2.88 
1005 6162.893605709076 2.74 
1007 6164.909481048584 3.26 
1008 6166.922028541565 2.04 
1010 6168.934173822403 1.68 
1011 6170.952369213104 0.85 
1012 6172.965634584427 0.89 
1012 6174.983141899109 0.69 
1013 6176.997247457504 0.91 
1014 6179.013605356216 1.05 
1015 6181.025642633438 1.29 
1016 6183.036891222 1.58 
1018 6185.054500102997 1.53 
1019 6187.069987773895 2.14 
1021 6189.088265657425 1.75 
1022 6191.10063290596 2.02 
1022 6193.188045740128 0.38 
1023 6195.467640399933 0.67 
1023 6198.238286733627 0.28 
1024 6200.39538359642 0.57 
1024 6202.332565069199 0.71 
1024 6204.280641555786 0.52 
1025 6206.403010606766 0.51 
1025 6208.400671720505 0.37 
1025 6210.3537774086 0.56 
1026 6212.3064160346985 0.42 
1026 6214.583310365677 0.80 
1027 6217.377069950104 0.43 
1027 6219.354069948196 0.48 
1027 6221.456234931946 0.49 
1028 6223.407985687256 0.38 
1028 6226.440260410309 0.62 
1029 6228.465500354767 0.66 
1029 6230.54118514061 0.41 
1029 6232.490975618362 0.47 
1030 6234.524879217148 0.59 
1030 6236.510875225067 0.44 
1030 6238.524006843567 0.31 
1031 6240.871351003647 0.26 
1031 6243.64045381546 0.51 
1032 6245.903643131256 0.70 
1032 6248.538642883301 0.62 
1033 6250.568337678909 0.57 
1033 6252.73255610466 0.38 
1033 6254.873561143875 0.77 
1034 6257.61751127243 0.62 
1034 6259.678036928177 0.49 
1035 6261.671241044998 0.30 
1035 6263.674609184265 0.76 
1035 6265.837249040604 0.41 
1036 6268.919912338257 0.48 
1036 6270.757277727127 0.45 
1037 6272.84228348732 0.58 
1037 6274.920918941498 0.40 
1038 6276.781008243561 0.44 
1038 6278.769022941589 0.34 
1038 6280.922009706497 1.06 
1039 6282.8529851436615 0.42 
1039 6284.791282176971 0.44 
1039 6286.876449108124 0.30 
1040 6289.18382692337 0.40 
1040 6291.898462295532 0.18 
1040 6293.924201965332 0.56 
1041 6295.9351353645325 0.32 
1041 6297.933276176453 0.44 
1041 6299.952789306641 0.51 
1042 6302.058376312256 0.28 
1042 6304.340402603149 1.18 
1043 6307.104775667191 0.61 
1043 6309.281898736954 0.26 
1044 6312.079000234604 0.56 
1044 6314.039957523346 0.51 
1044 6316.469779968262 0.40 
1045 6319.287443637848 0.51 
1045 6322.248694181442 0.25 
1045 6324.469060659409 0.36 
1046 6327.133806705475 0.35 
1046 6329.157893180847 1.07 
1047 6331.171231746674 0.32 
1047 6333.166884899139 0.55 
1047 6335.176204442978 0.40 
1048 6337.2514016628265 0.48 
1048 6339.302974462509 0.46 
1049 6341.292807340622 0.54 
1049 6343.33172082901 0.41 
1049 6346.254873275757 0.31 
1050 6348.304923295975 0.53 
1050 6350.316303491592 0.97 
1050 6352.35031414032 0.58 
1052 6354.262821435928 1.97 
1082 6713.801578760147 0.92 
1084 6715.824590682983 0.88 
1085 6717.844856739044 0.37 
1086 6719.863511562347 0.65 
1087 6721.886198282242 1.19 
1088 6723.901962041855 1.34 
1090 6725.918475389481 0.74 
1091 6727.942270040512 0.79 
1092 6729.9597816467285 0.77 
1093 6731.981000185013 0.71 
1094 6734.004419565201 1.17 
1095 6736.021252155304 0.63 
1097 6738.037876367569 1.33 
1098 6740.057308912277 1.00 
1100 6742.078258037567 1.15 
1102 6744.098920822144 1.10 
1103 6746.116359949112 0.95 
1104 6748.134736537933 1.02 
1105 6750.152618169785 0.92 
1107 6752.173520565033 0.77 
1108 6754.189962863922 1.24 
1110 6756.206656694412 1.20 
1110 6758.281999588013 0.39 
1112 6760.248147726059 0.92 
1113 6762.266060590744 0.63 
1113 6764.341139554977 0.44 
1114 6766.358004808426 0.46 
1114 6768.379954814911 0.74 
1115 6770.402232408524 0.62 
1115 6772.41591835022 0.61 
1116 6774.434445858002 0.60 
1116 6776.44601726532 1.04 
1117 6778.473984956741 0.82 
1118 6780.4785833358765 0.76 
1118 6782.513906478882 0.94 
1119 6784.551608324051 0.79 
1120 6786.564699649811 0.79 
1120 6788.563598394394 0.80 
1121 6790.6187489032745 1.04 
1122 6792.618191480637 1.11 
1122 6794.6192445755005 1.09 
1123 6796.6295664310455 1.06 
1124 6798.64640879631 0.86 
1124 6800.677980184555 0.92 
1125 6802.700494527817 1.30 
1126 6804.866009473801 1.11 
1126 6806.798665523529 0.57 
1126 6809.181138277054 0.22 
1127 6811.826643943787 0.53 
1127 6813.891242265701 0.58 
1127 6815.888756752014 0.36 
1128 6817.936919927597 0.40 
1128 6819.920485973358 0.32 
1128 6822.121248006821 0.34 
1129 6825.042707681656 0.30 
1129 6826.985100507736 0.48 
1129 6829.042712211609 0.30 
1129 6831.201499462128 0.40 
1130 6834.111799240112 0.41 
1130 6836.13102889061 0.53 
1130 6838.089212656021 0.40 
1131 6840.400926828384 0.13 
1131 6843.266867876053 0.47 
1131 6845.534380912781 0.38 
1132 6848.284724712372 0.57 
1132 6850.489448308945 0.46 
1132 6853.313684225082 0.20 
1133 6855.529042005539 0.55 
1133 6858.461211204529 0.41 
1134 6860.358998537064 0.46 
1134 6862.403854370117 0.42 
1134 6865.365082740784 0.56 
1135 6868.482977151871 0.40 
1135 6871.594223022461 0.37 
1135 6873.6950895786285 0.57 
1136 6876.488546848297 0.43 
1136 6878.653942108154 0.80 
1137 6880.568260192871 0.42 
1137 6882.624066591263 0.12 
1137 6885.35932135582 0.57 
1137 6887.58922290802 0.61 
1138 6889.653718709946 0.60 
1138 6891.708986759186 0.61 
1138 6893.64821600914 0.53 
1139 6895.722895860672 0.94 
1139 6897.82688999176 0.55 
1139 6899.741519451141 0.41 
1140 6901.829337120056 0.45 
1140 6903.813332796097 0.65 
1140 6905.834878206253 0.52 
1141 6907.685339927673 1.48 
1232 7886.814142465591 1.23 
1233 7888.837345600128 1.39 
1235 7890.862891674042 1.97 
1237 7892.889297962189 2.04 
1238 7894.909653902054 1.31 
1240 7896.93693447113 1.59 
1241 7898.96071767807 1.86 
1243 7900.984851837158 1.49 
1245 7903.007571697235 2.24 
1246 7905.041095495224 1.53 
1248 7907.064640760422 1.68 
1249 7909.08984875679 0.93 
1251 7911.110809087753 1.77 
1252 7913.138850927353 1.95 
1254 7915.1595730781555 1.89 
1256 7917.183315038681 1.49 
1257 7919.203024625778 1.74 
1259 7921.224802970886 2.11 
1261 7923.249441146851 1.64 
1263 7925.273152351379 2.45 
1264 7927.294714689255 1.61 
1266 7929.315863609314 1.59 
1266 7931.671597957611 0.75 
1267 7934.824536323547 0.71 
1268 7937.654343366623 0.71 
1268 7939.593147039413 0.53 
1269 7941.588041782379 0.40 
1269 7943.6883318424225 0.30 
1269 7945.92769241333 0.36 
1270 7948.754410505295 0.72 
1270 7950.717635631561 0.34 
1271 7953.139609575272 0.25 
1271 7956.022521972656 0.60 
1272 7958.953493833542 1.02 
1272 7961.619483232498 0.50 
1273 7964.088808298111 0.42 
1274 7966.938999414444 0.50 
1274 7969.32396531105 0.59 
1275 7972.001145839691 0.71 
1275 7974.073584318161 0.57 
1276 7976.384164571762 0.68 
1276 7979.291172027588 0.38 
1276 7982.16264128685 0.30 
1277 7984.193901062012 0.46 
1277 7986.216011762619 0.19 
1278 7989.3313019275665 0.28 
1278 7992.253944158554 0.32 
1278 7994.241433382034 0.52 
1279 7996.391490936279 0.33 
1280 7999.530498743057 0.57 
1280 8003.0062527656555 0.32 
1281 8005.470261335373 0.42 
1281 8007.43447804451 0.78 
1281 8009.48805975914 0.60 
1282 8011.539304018021 0.59 
1282 8013.507617950439 0.40 
1283 8015.629895210266 0.53 
1283 8017.6462688446045 0.31 
1283 8019.656851530075 0.45 
1284 8021.652237415314 0.55 
1284 8023.676354169846 0.52 
1285 8025.77064538002 0.52 
1285 8027.76673913002 0.51 
1286 8029.924227237701 0.94 
1286 8032.873835325241 0.57 
1287 8035.787938594818 0.30 
1287 8037.808984518051 0.55 
1288 8040.035999774933 0.45 
1288 8042.845156669617 0.53 
1289 8044.95893239975 0.62 
1289 8046.936814785004 0.47 
1289 8048.923529624939 0.50 
1290 8050.9670469760895 0.40 
1290 8053.036836385727 0.47 
1291 8054.85872220993 0.32 
1293 8056.88538813591 1.60 
1294 8058.909121990204 1.51 
1296 8060.934242248535 1.69 
1298 8062.964508771896 1.66 
1299 8064.987790346146 1.85 
1301 8067.011724948883 1.66 
1303 8069.0344116687775 2.43 
1305 8071.058120250702 2.08 
1307 8073.080030441284 1.99 
1308 8075.109273672104 1.43 
1310 8077.131120681763 2.02 
1312 8079.159569740295 1.58 
1313 8081.181761980057 2.04 
1315 8083.209648370743 1.96 
1317 8085.239822387695 2.00 
1318 8087.265231847763 2.32 
1320 8089.300384044647 2.27 
1322 8091.321647405624 1.67 
1324 8093.344128608704 1.94 
1326 8095.368724822998 2.37 
1327 8097.396093845367 1.68 
1329 8099.49196434021 1.81 
1330 8101.661442041397 0.78 
1330 8104.660799264908 0.26 
1331 8106.795881271362 0.44 
1331 8109.94876408577 0.61 
1332 8113.248589038849 0.55 
1332 8115.900766372681 0.31 
1333 8118.066584348679 0.35 
1333 8120.866474866867 0.31 
1334 8122.9877943992615 0.58 
1334 8125.946944952011 0.55 
1335 8127.899893522263 0.46 
1335 8129.934841871262 0.48 
1336 8132.042145252228 0.56 
1336 8135.044624567032 0.46 
1337 8137.044398784637 0.46 
1337 8139.1029579639435 0.52 
1338 8141.081637382507 0.37 
1338 8143.161962270737 0.48 
1339 8145.143210172653 0.58 
1339 8147.431649684906 0.48 
1340 8150.168303966522 0.27 
1340 8152.292574644089 0.24 
1340 8154.41126871109 0.29 
1341 8157.264488458633 0.36 
1341 8159.332592487335 0.60 
1342 8162.58661365509 0.25 
1342 8165.365061998367 0.51 
1343 8167.331717967987 0.56 
1343 8169.615088939667 0.38 
1344 8172.484212398529 0.45 
1344 8175.423445224762 0.59 
1345 8177.610997438431 0.55 
1346 8180.543619155884 0.52 
1346 8182.672274112701 0.51 
1347 8184.732870817184 0.45 
1347 8187.635782957077 0.35 
1348 8189.753392696381 0.48 
1348 8192.95105600357 0.05 
1348 8195.846157550812 0.35 
1349 8198.756824493408 0.59 
1350 8200.825326919556 0.83 
1350 8203.084767580032 0.57 
1351 8205.688296318054 0.23 
1353 8207.712123394012 1.94 
1354 8209.742141485214 1.70 
1356 8211.767612457275 2.18 
1358 8213.790649414062 2.39 
1360 8215.813487291336 2.02 
1362 8217.842681407928 2.06 
1363 8219.86737704277 1.36 
1365 8221.893174648285 1.96 
1366 8223.920413970947 1.46 
1368 8225.947915792465 1.96 
1370 8227.972826480865 2.24 
1372 8229.995922088623 1.55 
1374 8232.022250890732 1.96 
1375 8234.04899096489 1.14 
1377 8236.07544374466 1.67 
1379 8238.100034713745 2.74 
1380 8240.120945453644 1.10 
1382 8242.14905667305 1.21 
1384 8244.171337366104 0.74 
1386 8246.194878816605 1.76 
1387 8248.222882986069 0.89 
1390 8250.245126485825 1.62 
1390 8252.751682281494 0.83 
1391 8255.472861528397 0.49 
1392 8257.47759270668 0.23 
1392 8259.50522685051 0.33 
1393 8261.526431798935 0.59 
1393 8263.57260966301 0.26 
1394 8265.64024591446 0.48 
1394 8268.908416032791 0.23 
1395 8271.69905424118 0.16 
1395 8273.63670539856 0.27 
1396 8275.796751737595 0.54 
1396 8277.741561412811 0.28 
1397 8279.811340808868 0.87 
1397 8281.764703273773 0.41 
1398 8284.150790214539 0.30 
1399 8286.827855587006 0.41 
1399 8288.989693880081 0.61 
1400 8291.905470371246 0.35 
1401 8294.516328573227 0.45 
1402 8297.027045249939 0.30 
1402 8298.980793714523 0.54 
1403 8301.068811178207 0.39 
1403 8303.057853221893 0.35 
1404 8305.25073313713 0.52 
1405 8308.718245506287 0.32 
1405 8311.46562576294 0.18 
1406 8314.177186965942 0.57 
1407 8316.421236038208 0.51 
1407 8319.358009576797 0.37 
1408 8321.322729110718 0.43 
1409 8323.314896821976 0.43 
1409 8325.370616912842 0.40 
1410 8327.582834482193 0.38 
1410 8330.40653681755 0.31 
1412 8332.255087137222 1.35 
1414 8334.277865409851 1.56 
1416 8336.307606935501 1.51 
1417 8338.331504821777 1.65 
1420 8340.357720375061 1.56 
1422 8342.38071012497 1.26 
1423 8344.404015302658 0.92 
1425 8346.426166296005 1.50 
1426 8348.452626228333 1.51 
1427 8350.47493481636 1.10 
1430 8352.50047326088 1.27 
1432 8354.524396181107 1.58 
1433 8356.551215648651 1.12 
1435 8358.571854829788 1.21 
1437 8360.597155809402 1.43 
1439 8362.61783695221 1.10 
1441 8364.643731832504 1.17 
1442 8366.669378042221 1.09 
1444 8368.693908929825 0.80 
1446 8370.722631692886 1.09 
1448 8372.747226715088 0.99 
1449 8374.770867347717 1.04 
1451 8376.989373922348 1.05 
1452 8379.05560016632 0.66 
1453 8381.229025363922 0.33 
1454 8384.267575263977 0.28 
1455 8387.204332113266 0.38 
1456 8390.325697660446 0.49 
1456 8393.278569221497 0.37 
1457 8395.38895559311 0.30 
1458 8398.374631643295 0.34 
1459 8401.299774646759 0.26 
1459 8403.310002803802 0.37 
1460 8405.451893568039 0.48 
1461 8408.29594707489 0.40 
1462 8410.437457323074 0.42 
1463 8412.433470964432 0.23 
1464 8414.563303947449 0.39 
1465 8417.41689491272 0.56 
1465 8419.662304878235 0.31 
1466 8422.466715335846 0.28 
1467 8424.525616407394 0.47 
1468 8427.069366931915 0.44 
1468 8429.623404026031 0.39 
1469 8431.724081039429 0.33 
1470 8434.970000743866 0.23 
1470 8437.744919538498 0.38 
1472 8439.579643249512 1.05 
1473 8441.601041316986 1.04 
1475 8443.624517679214 0.85 
1477 8445.649844646454 1.17 
1479 8447.676863908768 0.95 
1481 8449.700090408325 0.82 
1482 8451.726344108582 1.13 
1484 8453.74727344513 0.53 
1486 8455.773631572723 0.87 
1488 8457.80341219902 0.97 
1490 8459.825763702393 1.40 
1492 8461.85161113739 0.49 
1494 8463.87706065178 1.26 
1495 8465.90663766861 0.95 
1497 8467.932157039642 0.84 
1499 8469.955685853958 1.41 
1500 8471.981758832932 0.45 
1502 8474.002896308899 0.60 
1503 8476.026620388031 0.48 
1506 8478.055224180222 1.10 
1507 8480.080807685852 0.47 
1509 8482.104489803314 0.69 
1511 8484.652381420135 0.85 
1512 8487.41362953186 0.19 
1513 8489.425196409225 0.21 
1514 8492.500469446182 0.16 
1515 8494.651250600815 0.40 
1516 8497.44570350647 0.49 
1517 8499.481601715088 0.20 
1518 8501.511546134949 0.20 
1519 8504.868326187134 0.30 
1520 8507.577487707138 0.29 
1521 8509.547270536423 0.54 
1522 8511.636993646622 0.49 
1523 8513.61915922165 0.38 
1525 8515.809858560562 0.56 
1526 8518.842225790024 0.27 
1527 8521.726860284805 0.31 
1528 8525.048218250275 0.12 
1529 8527.865842580795 0.29 
1530 8531.248468875885 0.21 
1531 8533.752295732498 0.29 
1533 8535.779010295868 0.83 
1534 8537.80862236023 0.67 
1537 8539.83515572548 0.73 
1540 8541.856076002121 0.72 
1542 8543.877482175827 1.03 
1545 8545.907638072968 1.01 
1546 8547.941585540771 0.46 
1548 8549.962000608444 1.14 
1550 8551.986606121063 0.73 
1552 8554.011966466904 0.49 
1554 8556.036452770233 0.39 
1556 8558.064274787903 1.04 
1557 8560.087243318558 0.16 
1560 8562.111483573914 0.79 
1561 8564.137813568115 0.44 
1563 8566.157527446747 0.42 
1565 8568.181268930435 0.32 
1567 8570.210579633713 0.51 
1569 8572.234032869339 0.17 
1570 8574.258043527603 0.35 
1572 8576.286162376404 0.59 
1575 8578.312383651733 0.41 
1576 8580.44959950447 0.32 
1577 8582.490708589554 0.21 
1578 8584.904413223267 0.28 
1579 8587.666439294815 0.09 
1581 8589.839401721954 0.35 
1582 8592.862854003906 0.17 
1583 8595.830768823624 0.25 
1585 8598.797134876251 0.36 
1587 8601.864681482315 0.15 
1588 8604.732510566711 0.23 
1589 8606.993987321854 0.32 
1591 8609.698400497437 0.43 
1593 8611.723630189896 0.28 
1595 8613.747178316116 0.64 
1596 8615.771266698837 0.28 
1599 8617.796954154968 0.78 
1601 8619.821234703064 0.38 
1603 8621.847327709198 0.63 
1605 8623.874922037125 0.50 
1607 8625.900770425797 0.52 
1609 8627.923979759216 0.52 
1611 8629.947435379028 0.25 
1613 8631.971131563187 0.22 
1616 8633.994126319885 0.56 
1617 8636.0180747509 0.34 
1618 8638.045349121094 0.28 
1620 8640.069764375687 0.26 
1622 8642.094045877457 0.23 
1622 8644.117431640625 0.27 
1625 8646.142233610153 0.45 
1627 8648.166293144226 0.37 
1629 8650.191831588745 0.22 
1631 8652.217149019241 0.12 
1633 8654.722022771835 0.33 
1635 8657.44163775444 0.26 
1636 8659.440155267715 0.28 
1637 8661.800775051117 0.06 
1639 8665.064383745193 0.14 
1641 8667.597393989563 0.23 
1643 8670.650402069092 0.16 
1644 8672.886877536774 0.14 
1644 8675.642924070358 0.11 
1646 8677.972631931305 0.17 
1647 8680.931653022766 0.16 
1648 8683.71361541748 0.10 
1651 8686.009595632553 0.20 
1654 8688.673090696335 0.52 
1656 8690.699513673782 0.38 
1658 8692.730213880539 0.26 
1659 8694.758217096329 0.25 
1660 8696.781036376953 0.14 
1663 8698.808226108551 0.34 
1665 8700.836171150208 0.36 
1667 8702.864687681198 0.21 
1669 8704.88952255249 0.30 
1672 8706.912407159805 0.48 
1674 8708.938728809357 0.31 
1676 8710.963181257248 0.55 
1676 8712.989339590073 0.05 
1679 8715.013966560364 0.34 
1682 8717.03680062294 0.34 
1684 8719.064021348953 0.30 
1685 8721.088645935059 0.14 
1686 8723.114123344421 0.37 
1689 8725.143557786942 0.49 
1692 8727.16199851036 0.34 
1694 8729.185534954071 0.38 
1695 8731.469251155853 0.20 
1696 8733.536801576614 0.14 
1699 8736.623279333115 0.11 
1702 8739.627855539322 0.42 
1704 8742.846846342087 0.23 
1706 8745.790937185287 0.39 
1708 8748.64519405365 0.28 
1710 8750.621865034103 0.28 
1712 8753.480412960052 0.39 
1713 8755.50911974907 0.12 
1714 8757.532664060593 0.12 
1716 8759.558174610138 0.52 
1718 8761.584101438522 0.39 
1720 8763.609741926193 0.16 
1722 8765.633773803711 0.35 
1724 8767.657186031342 0.34 
1726 8769.683507442474 0.31 
1728 8771.710527896881 0.14 
1728 8773.736624002457 0.18 
1729 8775.760848522186 0.06 
1730 8777.787878274918 0.33 
1733 8779.815309286118 0.25 
1734 8781.84266614914 0.15 
1736 8783.865381479263 0.20 
1738 8785.889574050903 0.42 
1739 8787.915958166122 0.24 
1742 8789.941108703613 0.56 
1744 8791.966851472855 0.50 
1745 8793.993549108505 0.31 
1747 8796.019420146942 0.68 
1749 8798.209822177887 0.27 
1750 8800.255212068558 0.30 
1751 8802.385553121567 0.43 
1752 8804.415460586548 0.40 
1754 8807.367198944092 0.46 
1755 8809.421487092972 0.51 
1756 8811.384634017944 0.25 
1757 8813.581131696701 0.22 
1759 8816.509464263916 0.29 
1760 8818.513330698013 0.20 
1761 8820.45199728012 0.30 
1762 8822.501353263855 0.30 
1763 8824.575631380081 0.31 
1765 8826.781327486038 0.19 
1766 8829.813717842102 0.27 
1768 8832.72210431099 0.30 
1769 8835.008640527725 0.41 
1771 8837.522150754929 0.34 
1772 8839.544378995895 0.46 
1775 8841.572127819061 0.78 
1776 8843.596980810165 0.24 
1778 8845.620604038239 0.52 
1780 8847.647568702698 0.59 
1783 8849.674678087234 0.69 
1784 8851.700875043869 0.36 
1786 8853.722728013992 0.23 
1789 8855.747471809387 0.68 
1791 8857.774204969406 0.96 
1792 8859.800929307938 0.63 
1794 8861.82747912407 0.36 
1796 8863.854531526566 0.51 
1798 8865.88114976883 0.44 
1801 8867.907440662384 1.13 
1802 8869.939350366592 0.66 
1804 8871.964362382889 1.59 
1806 8873.989659070969 1.18 
1808 8876.01975440979 0.93 
1810 8878.04107952118 1.21 
1811 8880.066254377365 1.52 
1813 8882.095063447952 0.81 
1814 8884.279420852661 0.33 
1814 8886.48596072197 0.22 
1815 8889.362486124039 0.44 
1816 8891.649287700653 0.17 
1816 8894.545891523361 0.34 
1817 8896.405811071396 0.33 
1818 8898.44679427147 0.32 
1818 8900.49186706543 0.23 
1819 8902.63372349739 0.40 
1820 8905.530259132385 0.30 
1820 8907.785068273544 0.45 
1821 8910.576858997345 0.49 
1822 8912.828266143799 0.34 
1823 8915.718476772308 0.36 
1823 8917.892275094986 0.50 
1824 8921.019499778748 0.31 
1825 8923.863656044006 0.46 
1825 8926.013830184937 0.37 
1826 8928.958758115768 0.46 
1827 8931.972891569138 0.33 
1828 8934.932281255722 0.36 
1828 8936.928173065186 0.39 
1829 8938.987724781036 0.43 
1830 8941.003012657166 0.55 
1830 8943.363934516907 0.33 
1832 8945.899559736252 1.52 
1834 8947.92661356926 1.66 
1836 8949.956602096558 1.30 
1838 8951.981999874115 1.20 
1840 8954.007247686386 1.16 
1842 8956.031175136566 1.62 
1844 8958.059579849243 1.05 
1845 8960.0851354599 0.65 
1847 8962.108886003494 0.52 
1849 8964.134041309357 0.68 
1850 8966.15590763092 0.45 
1852 8968.18398809433 0.57 
1853 8970.206654548645 0.57 
1855 8972.226520299911 0.52 
1856 8974.2476708889 0.42 
1858 8976.27239727974 0.06 
1859 8978.29874253273 0.06 
1860 8980.31879067421 0.07 
1861 8982.345652103424 0.08 
1862 8984.372500896454 0.10 
1863 8986.561716794968 0.08 
1864 8988.589880943298 0.09 
1866 8990.705440998077 0.06 
1866 8992.703087091446 0.05 
1867 8994.735853433609 0.12 
1867 8996.758421897888 0.06 
1868 8998.789200305939 0.09 
1869 9000.7999625206 0.06 
1869 9002.84311580658 0.06 
1870 9004.876039505005 0.06 
1871 9006.870342493057 0.07 
1871 9008.933769226074 0.09 
1872 9010.966918706894 0.06 
1873 9012.987234830856 0.09 
1873 9014.973527431488 0.07 
1874 9017.029636144638 0.05 
1874 9019.02981185913 0.11 
1875 9021.039026737213 0.29 
1875 9023.098139286041 0.19 
1876 9025.108040094376 0.26 
1876 9027.16154384613 0.19 
1877 9029.14855670929 0.25 
1878 9031.18153476715 0.25 
1878 9033.182401657104 0.21 
1879 9035.189784765244 0.24 
1880 9037.226875305176 0.16 
1880 9039.474198579788 0.18 
1880 9042.375808000565 0.15 
1881 9044.568131923676 0.22 
1881 9047.621907949448 0.13 
1882 9050.415718317032 0.26 
1882 9052.46442246437 0.16 
1883 9054.642811775208 0.19 
1883 9057.729846000671 0.24 
1884 9060.716876745224 0.47 
1884 9063.840100288391 0.35 
1885 9066.618812561035 0.59 
1885 9069.603504180908 0.28 
1885 9071.703493595123 0.60 
1886 9073.793078184128 0.35 
1886 9075.810382604599 0.24 
1886 9078.034680604935 0.17 
1887 9080.847748279572 0.51 
1887 9083.707731246948 0.43 
1888 9085.872508049011 0.63 
1888 9088.006664991379 0.60 
1889 9091.14061331749 0.28 
1889 9093.93028974533 0.27 
1889 9096.055505990982 0.37 
1890 9098.637420415878 0.46 
1890 9101.140505075455 0.40 
1891 9103.920798540115 1.22 
1892 9105.953843355179 1.27 
1893 9107.97911643982 0.87 
1894 9110.005331516266 1.17 
1896 9112.026361465454 1.30 
1897 9114.049274682999 1.14 
1898 9116.070540428162 1.70 
1900 9118.100076198578 1.37 
1901 9120.11943936348 1.14 
1903 9122.144265651703 1.45 
1904 9124.170141458511 1.59 
1906 9126.19616150856 1.22 
1907 9128.217947721481 1.07 
1909 9130.246313095093 1.93 
1910 9132.26795077324 1.13 
1912 9134.293215036392 1.23 
1913 9136.325374603271 1.74 
1915 9138.347124099731 1.44 
1916 9140.373027086258 1.64 
1917 9142.410615205765 1.58 
1919 9144.429755687714 1.56 
1920 9146.455215930939 1.29 
1921 9148.48247885704 1.81 
1923 9150.505785226822 2.75 
1924 9152.53431725502 1.83 
1926 9154.558370351791 1.74 
1927 9156.582777738571 2.27 
1929 9158.6157746315 1.92 
1930 9160.637286424637 1.61 
1931 9162.662285327911 2.13 
1933 9164.687564134598 1.78 
1934 9166.70810675621 1.76 
1935 9168.728437662125 2.01 
1937 9170.75329875946 2.27 
1938 9172.77628493309 1.52 
1940 9174.804485797882 2.58 
1941 9176.82948923111 1.58 
1943 9178.856004476547 1.92 
1944 9180.87800526619 2.52 
1946 9182.901824712753 1.62 
1947 9184.926054239273 2.32 
1949 9186.950448513031 2.68 
1951 9188.976121902466 3.04 
1952 9190.999547719955 1.93 
1954 9193.187529563904 2.91 
1954 9195.276869773865 0.40 
1954 9198.199377536774 0.36 
1955 9200.233768939972 0.38 
1955 9202.81597495079 0.46 
1955 9205.252243041992 0.30 
1956 9207.306948900223 0.54 
1956 9209.411070108414 0.54 
1956 9212.453872680664 0.43 
1957 9214.47579073906 0.68 
1957 9216.570206403732 0.29 
1957 9218.453723669052 0.53 
1958 9220.621740579605 0.55 
1958 9222.798082351685 0.27 
1959 9225.572434663773 0.56 
1959 9227.61435341835 0.46 
1959 9229.678078174591 0.61 
1960 9232.682757854462 0.73 
1960 9234.943386554718 0.67 
1960 9237.755622386932 0.43 
1961 9239.723541259766 0.56 
1961 9241.994283914566 0.33 
1961 9244.757864236832 0.20 
1962 9246.84672999382 0.70 
1962 9248.847642421722 0.56 
1962 9251.319212198257 0.39 
1963 9253.93301820755 0.88 
1963 9255.94431233406 0.24 
1963 9257.997071027756 0.40 
1964 9260.061493396759 0.52 
1964 9263.096895933151 0.26 
1964 9265.232194423676 0.33 
1965 9268.505578041077 0.40 
1965 9271.205091714859 0.40 
1966 9273.130175590515 0.40 
1966 9275.16719007492 0.63 
1966 9278.191286087036 0.42 
1967 9281.314596652985 0.31 
1967 9283.320918560028 0.13 
1967 9286.366453170776 0.35 
1967 9289.370420455933 0.29 
1968 9291.399949789047 0.61 
1968 9293.344656944275 0.35 
1968 9295.801306009293 0.74 
1969 9298.433563709259 0.23 
1969 9300.521003007889 0.45 
1969 9302.882045507431 0.48 
1970 9305.531773805618 0.33 
1970 9308.552827835083 0.73 
1971 9310.610803842545 0.35 
1971 9312.73137331009 0.52 
1971 9314.725861787796 0.45 
1971 9316.74421620369 0.46 
1972 9318.732135295868 0.65 
1972 9320.728577136993 0.29 
1973 9322.771929264069 0.53 
1973 9325.163729190826 0.84 
1973 9328.009053468704 0.30 
1974 9330.932010173798 0.51 
1974 9332.856986761093 0.76 
1975 9335.02555155754 0.56 
1975 9337.92581486702 0.62 
1975 9340.01912021637 0.19 
1975 9342.242886781693 0.54 
1976 9345.114552497864 0.83 
1977 9348.139492988586 0.44 
1977 9350.0849878788 0.24 
1977 9352.327487707138 0.44 
1978 9355.853752374649 0.55 
1978 9358.217767715454 0.33 
1978 9360.28869509697 0.38 
1978 9362.417441368103 0.47 
1979 9365.356408834457 0.61 
1979 9367.425952672958 0.38 
1980 9370.354328870773 0.82 
1980 9372.5158700943 0.26 
1980 9375.78158736229 0.30 
1980 9378.454743862152 0.18 
1981 9380.339117765427 1.97 
1983 9382.365325689316 2.77 
1984 9384.393103599548 2.09 
1986 9386.416044712067 1.97 
1987 9388.438945531845 2.31 
1989 9390.467209815979 2.07 
1990 9392.485485076904 2.09 
1991 9394.51375079155 1.58 
1993 9396.539295911789 3.06 
1995 9398.568263053894 2.12 
1997 9400.592015743256 1.99 
1998 9402.616530418396 1.95 
2000 9404.643815755844 2.16 
2001 9406.667481899261 2.20 
2002 9408.698993206024 2.35 
2004 9410.724768400192 1.83 
2005 9412.752541065216 2.77 
2007 9414.775955677032 1.63 
2008 9416.795146226883 2.63 
2010 9418.82393336296 1.95 
2011 9420.853098392487 2.73 
2013 9422.87533044815 2.01 
2013 9425.139215230942 1.53 
2014 9427.061371564865 0.57 
2014 9429.112724781036 0.38 
2015 9431.152570724487 0.38 
2015 9433.177720069885 0.56 
2015 9435.57330775261 0.42 
2016 9438.387063264847 0.43 
2016 9441.24992966652 0.46 
2016 9443.276662111282 0.62 
2017 9445.563449382782 0.36 
2017 9448.492264270782 0.95 
2017 9451.441701889038 0.35 
2018 9453.845111131668 0.46 
2018 9456.777910709381 0.30 
2018 9459.581089735031 0.62 
2019 9461.649766206741 0.50 
2019 9464.850673675537 0.13 
2019 9467.755821466446 0.54 
2020 9470.90915441513 0.43 
2020 9473.6760263443 0.47 
2021 9475.855964660645 0.61 
2021 9478.798068523407 0.12 
2021 9480.955525398254 0.62 
2022 9483.742638587952 0.36 
2022 9485.907368898392 0.27 
2022 9487.847967386246 0.37 
2023 9489.862699747086 0.63 
2023 9492.082025051117 0.55 
2023 9494.927074432373 0.77 
2023 9497.01640677452 0.13 
2024 9499.979012489319 0.34 
2024 9502.670028448105 0.52 
2024 9504.995034456253 0.44 
2025 9507.036223173141 0.67 
2025 9509.167353868484 0.33 
2025 9511.513559818268 0.48 
2025 9514.31142282486 0.71 
2026 9517.337379217148 0.25 
2026 9519.374003648758 0.56 
2026 9522.231429815292 0.35 
2027 9524.400097370148 0.53 
2027 9527.364209413528 0.53 
2027 9529.445106983185 0.40 
2028 9531.422262191772 0.40 
2028 9533.606029987335 0.32 
2028 9536.522468805313 0.58 
2029 9538.760006427765 0.46 
2029 9541.71803855896 0.45 
2029 9544.48897767067 0.51 
2029 9546.890373468399 0.06 
2030 9549.768738985062 0.80 
2030 9552.943868160248 0.64 
2031 9555.691323041916 0.28 
2031 9557.805230617523 0.44 
2031 9559.728119134903 0.71 
2032 9561.74558544159 0.40 
2032 9563.752289056778 0.26 
2032 9565.860321044922 0.64 
2032 9567.798824548721 0.46 
2033 9569.993169307709 0.29 
2033 9572.905707359314 0.41 
2034 9574.928516864777 0.54 
2034 9577.00275683403 0.32 
2034 9579.01120185852 0.35 
2034 9581.09831237793 0.40 
2035 9584.034157037735 0.36 
2035 9586.352617740631 0.57 
2035 9589.097783327103 0.43 
2036 9591.313767433167 0.61 
2036 9594.539068937302 0.23 
2036 9597.41051530838 0.45 
2037 9600.207404136658 0.22 
2037 9603.438077926636 0.22 
2037 9606.472623586655 0.52 
2038 9609.338143587112 0.82 
2038 9611.488441467285 0.26 
2039 9614.47072649002 0.46 
2039 9616.538846731186 0.48 
2039 9619.468184709549 0.37 
2040 9621.482003450394 0.44 
2040 9623.720526218414 0.22 
2040 9626.642913341522 0.36 
2042 9629.428181886673 2.45 
2044 9631.455605983734 2.06 
2045 9633.477558851242 1.94 
2047 9635.503469228745 2.21 
2049 9637.529439926147 2.41 
2051 9639.555799484253 2.43 
2053 9641.58043217659 1.95 
2054 9643.604886293411 2.93 
2056 9645.628053665161 2.88 
2058 9647.649516582489 2.28 
2060 9649.677584409714 2.47 
2062 9651.702647924423 2.62 
2063 9653.725393295288 2.11 
2065 9655.750378847122 2.24 
2066 9657.77469086647 1.94 
2068 9659.799058198929 1.39 
2070 9661.827344179153 2.69 
2071 9663.852507829666 2.12 
2073 9665.87689781189 2.13 
2075 9667.900545597076 1.53 
2076 9669.924665689468 1.75 
2078 9671.95520401001 2.53 
2078 9674.431517839432 0.93 
2079 9677.197496891022 0.48 
2079 9679.568017244339 0.55 
2080 9682.249556541443 0.53 
2080 9684.653795719147 0.40 
2080 9687.336262464523 0.21 
2081 9690.433426141739 0.36 
2081 9692.559287786484 0.36 
2081 9695.926626682281 0.47 
2082 9698.738768815994 0.37 
2082 9701.751091718674 0.55 
2083 9704.71532201767 0.26 
2083 9708.033784389496 1.00 
2084 9710.680957317352 0.18 
2084 9712.665163040161 0.35 
2084 9715.605549573898 0.30 
2084 9718.279485464096 0.27 
2085 9720.879978656769 0.75 
2085 9723.958527326584 0.45 
2086 9726.751367092133 0.51 
2086 9728.944661855698 0.35 
2086 9730.840655088425 0.18 
2087 9732.873356580734 0.47 
2087 9734.942347049713 0.73 
2088 9738.039439439774 0.58 
2088 9741.01099729538 0.30 
2089 9742.999593257904 0.69 
2089 9745.30938410759 0.42 
2089 9748.337295770645 0.42 
2090 9751.149719953537 0.53 
2090 9753.143535614014 0.41 
2090 9755.224252462387 0.30 
2091 9758.197265148163 0.59 
2091 9760.317056894302 0.44 
2091 9763.300035476685 0.37 
2092 9765.504935026169 0.57 
2092 9768.441608190536 0.50 
2092 9770.494745731354 0.32 
2093 9772.405675649643 0.36 
2093 9774.626786470413 0.57 
2094 9777.428541660309 0.75 
2094 9779.450180768967 0.67 
2095 9781.49043226242 0.50 
2095 9783.830709695816 0.41 
2095 9786.660271644592 0.23 
2096 9789.619011163712 0.46 
2096 9791.696160793304 0.46 
2097 9793.677406549454 0.35 
2097 9795.751630783081 0.61 
2097 9797.685253858566 0.37 
2098 9800.021566867828 0.77 
2098 9802.910342931747 0.24 
2098 9805.853796482086 0.32 
2099 9808.839084148407 0.53 
2099 9811.977498054504 0.46 
2100 9815.163257598877 0.36 
2100 9818.07393527031 0.53 
2102 9820.8038854599 2.19 
2103 9822.827006340027 1.27 
2105 9824.853433609009 2.35 
2106 9826.882304430008 2.04 
2108 9828.908001422882 2.27 
2109 9830.930837154388 2.68 
2112 9832.953334569931 2.25 
2113 9834.97947049141 2.32 
2115 9837.001016378403 2.02 
2116 9839.026312112808 1.94 
2118 9841.05251789093 1.55 
2119 9843.0802090168 2.58 
2121 9845.104999303818 1.54 
2122 9847.129378080368 1.32 
2124 9849.153328418732 2.63 
2126 9851.175958156586 2.47 
2127 9853.203219652176 2.54 
2129 9855.231741666794 2.74 
2131 9857.253903627396 1.89 
2133 9859.28136563301 2.50 
2134 9861.303744077682 1.65 
2136 9863.33096075058 1.90 
2137 9865.529735326767 1.66 
2137 9867.516533374786 0.42 
2137 9869.74074602127 0.59 
2138 9872.561645030975 0.52 
2138 9874.572447538376 0.46 
2139 9876.61826992035 0.40 
2139 9878.76316356659 1.06 
2139 9880.758350849152 0.56 
2140 9882.783690929413 0.55 
2140 9884.831400871277 0.72 
2141 9886.846474409103 0.66 
2141 9888.807307958603 0.55 
2141 9890.800694704056 0.48 
2142 9892.811907291412 0.48 
2142 9894.853966712952 0.44 
2143 9896.887541532516 0.57 
2143 9899.11525273323 0.54 
2143 9901.932075500488 0.45 
2144 9904.066982030869 0.63 
2144 9906.95030927658 0.88 
2145 9909.046941518784 0.38 
2145 9912.142637729645 0.32 
2146 9914.100214958191 0.48 
2146 9916.15112376213 0.55 
2146 9918.166186094284 0.38 
2147 9920.353100299835 0.48 
2147 9923.31742143631 0.60 
2147 9925.472960710526 0.45 
2148 9928.549756288528 0.38 
2148 9931.414222478867 0.43 
2149 9933.316056251526 0.71 
2149 9935.746950149536 0.39 
2150 9939.048255205154 0.57 
2150 9941.806653738022 0.30 
2150 9944.763748884201 0.16 
2151 9947.61880993843 0.45 
2151 9950.863092899323 0.29 
2151 9953.582467317581 0.44 
2152 9955.718911647797 0.37 
2152 9958.723662614822 0.59 
2153 9960.768126010895 0.50 
2153 9963.763761520386 0.40 
2153 9965.732140779495 0.33 
2154 9967.973601579666 0.40 
2154 9970.836041927338 0.58 
2155 9973.869606256485 0.44 
2155 9976.37217092514 0.53 
2156 9978.904972076416 0.65 
2156 9982.169935464859 0.32 
2156 9985.092504739761 0.48 
2157 9986.965722799301 0.47 
2157 9989.396532297134 0.53 
2158 9992.05099606514 0.60 
2158 9994.147436141968 1.04 
2158 9996.172706842422 0.30 
2159 9998.139839172363 0.44 
2159 10000.177349567413 0.47 
2159 10002.379971981049 0.50 
2160 10005.19609427452 0.66 
2160 10007.312796592712 0.58 
2161 10009.220122814178 0.40 
2162 10011.147350549698 2.44 
2163 10013.171783447266 1.96 
2165 10015.20166349411 1.96 
2166 10017.22216296196 2.12 
2168 10019.243931531906 2.21 
2170 10021.270162582397 1.24 
2171 10023.294808626175 1.64 
2173 10025.325017213821 2.06 
2174 10027.348531961441 2.34 
2176 10029.383711338043 2.09 
2177 10031.40723824501 1.84 
2179 10033.429908514023 1.77 
2181 10035.453066825867 2.15 
2182 10037.482190847397 2.32 
2184 10039.504207849503 2.22 
2186 10041.532526016235 2.12 
2188 10043.556672334671 3.19 
2189 10045.580736875534 2.46 
2191 10047.605062007904 2.88 
2193 10049.631282806396 2.52 
2194 10051.660922527313 1.90 
2196 10053.690396547318 2.32 
2196 10055.863872051239 1.20 
2197 10057.934152126312 0.50 
2197 10060.312269687653 0.79 
2197 10062.95026755333 0.17 
2198 10065.476580619812 0.70 
2198 10067.999614477158 0.34 
2198 10070.089890956879 0.50 
2199 10072.142063617706 0.39 
2199 10075.252077579498 0.67 
2200 10077.132648944855 0.39 
2200 10079.505118370056 0.53 
2200 10082.192463636398 0.48 
2201 10084.251300573349 0.64 
2201 10086.242017507553 0.26 
2201 10088.259148836136 0.70 
2202 10090.756672143936 0.31 
2202 10093.376781225204 0.46 
2202 10096.633576869965 0.48 
2203 10099.37677192688 0.38 
2203 10102.44304394722 0.47 
2204 10104.909183502197 0.54 
2204 10107.527899980545 0.50 
2204 10109.789743900299 0.49 
2205 10112.878022432327 0.56 
2205 10115.55572795868 0.27 
2206 10117.652403831482 0.41 
2206 10119.596997737885 0.25 
2206 10121.988890171051 0.56 
2207 10124.915790319443 0.49 
2207 10127.762252569199 0.54 
2208 10130.113269805908 0.99 
2208 10133.007442235947 0.53 
2209 10135.879816770554 0.55 
2209 10138.065101385117 0.26 
2209 10140.921387910843 0.37 
2210 10142.966605901718 0.66 
2210 10145.21500134468 0.42 
2210 10148.014093637466 0.36 
2211 10150.04579281807 0.30 
2211 10152.206551790237 0.64 
2211 10155.201225996017 0.66 
2212 10157.167971134186 0.26 
2212 10159.33647942543 0.38 
2212 10162.216547489166 0.48 
2213 10164.778328180313 0.49 
2213 10167.382318258286 0.29 
2213 10169.965507507324 0.62 
2214 10172.497315645218 0.39 
2214 10175.43565416336 0.49 
2215 10177.665013551712 0.65 
2215 10180.444533109665 0.11 
2215 10182.797499895096 0.74 
2216 10185.566166639328 0.56 
2216 10187.599534511566 0.60 
2217 10189.848357200623 0.57 
2217 10193.07090640068 0.28 
2217 10195.7510471344 0.39 
2218 10198.695685863495 0.35 
2218 10200.70247912407 0.61 
2218 10202.737889528275 0.86 
2219 10204.891750335693 0.60 
2219 10207.99680018425 0.61 
2220 10210.977172613144 0.34 
2220 10213.921601772308 0.31 
2220 10215.916893720627 0.11 
2220 10218.012833118439 0.36 
2223 10220.779537200928 2.63 
2225 10222.804745197296 2.39 
2226 10224.826909542084 2.61 
2228 10226.851665019989 2.03 
2229 10228.87967467308 2.39 
2231 10230.904485702515 2.43 
2233 10232.926016807556 2.99 
2234 10234.942849874496 2.04 
2236 10236.96627831459 2.65 
2237 10238.988065004349 2.42 
2239 10241.01063299179 1.84 
2241 10243.034003734589 2.43 
2243 10245.054564714432 2.32 
2244 10247.072590112686 2.83 
2246 10249.091661930084 2.40 
2248 10251.119755029678 1.90 
2249 10253.13861656189 1.78 
2251 10255.157489776611 2.79 
2253 10257.178226470947 2.33 
2254 10259.191698551178 2.38 
2256 10261.211014509201 2.59 
2257 10263.30461192131 2.04 
2258 10265.325973510742 0.98 
2259 10267.352188587189 1.04 
2260 10269.519224882126 1.22 
2260 10271.397231817245 0.81 
2260 10273.496981859207 0.53 
2260 10275.693445205688 0.30 
2261 10278.654375553131 0.81 
2262 10281.692501068115 0.39 
2262 10283.630550146103 0.52 
2262 10285.843404054642 0.44 
2263 10288.643909454346 0.26 
2263 10290.67238521576 0.52 
2263 10292.80296587944 1.08 
2264 10294.842478513718 0.46 
2264 10297.797069072723 0.27 
2264 10299.80828166008 0.50 
2265 10301.68856716156 0.66 
2265 10303.76005935669 0.68 
2266 10305.860107183456 0.45 
2266 10307.787447690964 0.66 
2266 10309.96008348465 0.41 
2267 10312.861537694931 0.21 
2267 10314.875351667404 0.83 
2267 10316.896709442139 0.34 
2268 10318.905807971954 0.40 
2268 10321.055302619934 0.69 
2268 10322.993837356567 0.55 
2269 10325.050884008408 0.50 
2269 10328.053725481033 0.28 
2269 10330.010042190552 0.44 
2270 10332.090081691742 0.34 
2270 10334.177501440048 0.58 
2270 10336.141602277756 0.95 
2271 10338.17207145691 0.53 
2271 10340.063013792038 0.45 
2271 10342.642047405243 0.46 
2272 10345.305028438568 0.31 
2272 10347.1605219841 0.30 
2272 10349.338252305984 0.44 
2272 10352.52624464035 0.28 
2273 10355.244517803192 0.45 
2273 10357.248952627182 0.38 
2274 10359.291546344757 0.58 
2274 10361.300379753113 0.51 
2274 10363.330536365509 0.47 
2275 10365.339033126831 0.63 
2275 10367.362075567245 0.49 
2276 10370.48037815094 0.40 
2276 10372.533787250519 0.43 
2276 10374.519246339798 0.36 
2277 10376.487629175186 0.37 
2277 10378.512002706528 0.52 
2277 10380.562517881393 0.44 
2277 10382.551494836807 0.70 
2278 10384.584164619446 0.72 
2278 10386.659237623215 0.62 
2279 10388.671839475632 0.32 
2279 10390.800991535187 0.35 
2280 10393.687156200409 0.48 
2280 10395.814320802689 0.39 
2280 10397.717988491058 0.47 
2281 10399.585120677948 0.45 
2283 10401.608135223389 1.28 
2284 10403.628545045853 1.48 
2286 10405.653481960297 1.39 
2286 10407.676168203354 1.29 
2287 10409.699748277664 1.15 
2288 10411.723140239716 0.92 
2290 10413.746188640594 0.87 
2291 10415.76945924759 1.41 
2292 10417.795685768127 1.30 
2294 10419.816989660263 1.20 
2296 10421.836837530136 1.09 
2297 10423.865114212036 1.58 
2298 10425.889658212662 0.87 
2299 10427.915455579758 1.65 
2301 10429.942431688309 1.88 
2302 10431.968396186829 1.07 
2304 10433.992471694946 1.27 
2305 10436.018858671188 0.99 
2306 10438.037412166595 0.53 
2307 10440.058511734009 1.60 
2308 10442.092221021652 0.41 
2310 10444.11528301239 1.26 
2310 10446.21651172638 0.36 
2311 10448.159708976746 0.73 
2312 10450.183715820312 1.33 
2313 10452.304788827896 0.43 
2313 10454.328718423843 0.67 
2314 10456.370735406876 0.71 
2315 10458.358386278152 0.71 
2315 10460.395416498184 0.60 
2316 10462.428129434586 0.63 
2317 10464.42726278305 0.73 
2317 10466.48448252678 0.93 
2318 10468.472064495087 0.74 
2319 10470.49628829956 0.73 
2319 10472.548242807388 0.67 
2320 10474.535453557968 0.59 
2321 10476.57313990593 0.63 
2321 10478.587133407593 0.75 
2322 10480.624552488327 0.63 
2322 10482.655819177628 1.12 
2323 10484.685703992844 0.76 
2324 10486.72607755661 0.67 
2324 10488.727611780167 0.56 
2324 10490.777154684067 0.30 
2325 10492.871438741684 0.68 
2326 10495.875505447388 0.48 
2326 10498.118147850037 0.74 
2326 10500.966161727905 0.59 
2327 10502.993506193161 0.33 
2327 10505.087891578674 0.45 
2327 10508.312774419785 0.32 
2328 10511.178480625153 0.30 
2328 10513.271726846695 0.41 
2328 10516.297589302063 0.52 
2329 10519.370680809021 0.43 
2329 10522.226207256317 0.35 
2330 10524.696262598038 1.06 
2330 10527.795904874802 0.32 
2331 10530.278878450394 0.51 
2331 10532.280826568604 0.61 
2331 10534.39228439331 0.68 
2332 10537.487556219101 0.12 
2332 10539.435408353806 0.12 
2332 10541.683297395706 0.55 
2332 10544.519925355911 0.52 
2333 10546.59564113617 0.64 
2333 10548.54632472992 0.60 
2333 10550.818871974945 0.10 
2334 10553.644234418869 0.59 
2334 10556.710141420364 0.43 
2335 10559.968770980835 0.31 
2335 10562.824575901031 0.55 
2336 10564.764238119125 0.39 
2336 10567.83116197586 0.51 
2336 10571.21306014061 0.52 
2337 10573.983394861221 0.22 
2337 10575.890362024307 0.19 
2337 10578.586297273636 0.36 
2338 10581.917651176453 0.74 
2338 10584.012657642365 0.58 
2339 10586.024060487747 0.55 
2339 10587.972610235214 0.36 
2339 10590.079247951508 0.51 
2339 10592.117776632309 0.20 
2340 10594.182245731354 0.29 
2340 10596.29848575592 0.79 
2340 10599.160679340363 0.47 
2341 10601.115105628967 1.18 
2372 10942.34627866745 2.21 
2373 10944.363667488098 1.77 
2375 10946.385638952255 1.56 
2376 10948.402599334717 1.94 
2378 10950.422464132309 2.47 
2379 10952.438223600388 1.94 
2381 10954.469450950623 2.28 
2383 10956.492418289185 1.13 
2385 10958.508167505264 0.06 
2386 10960.52681350708 0.10 
2386 10962.547218322754 0.05 
2387 10964.571553707123 0.14 
2388 10966.589242219925 0.07 
2390 10968.605122089386 0.08 
2391 10970.617822647095 0.08 
2392 10972.636863708496 0.06 
2393 10974.657799005508 0.14 
2394 10976.677655935287 0.07 
2395 10978.698173761368 0.05 
2396 10980.712342500687 0.08 
2397 10982.729892969131 0.07 
2398 10984.749275684357 0.09 
2399 10986.82806968689 0.08 
2399 10988.844719409943 0.07 
2400 10990.876524925232 0.07 
2401 10992.82015800476 0.06 
2402 10994.83990430832 0.11 
2403 10996.855872392654 0.07 
2405 10998.877369880676 0.07 
2406 11000.901032209396 0.08 
2407 11002.915471792221 0.06 
2408 11004.9352684021 0.08 
2409 11006.957639694214 0.10 
2410 11008.980275392532 0.05 
2411 11011.00142288208 0.05 
2412 11013.010852575302 0.17 
2412 11015.02701473236 0.26 
2413 11017.048981189728 0.77 
2413 11019.07091140747 0.34 
2414 11021.173459291458 0.61 
2414 11023.176839590073 0.64 
2415 11025.19360756874 0.71 
2416 11027.211247682571 0.76 
2416 11029.217148780823 0.87 
2417 11031.263138055801 0.64 
2418 11033.261927366257 0.74 
2418 11035.294322490692 0.73 
2419 11037.290184259415 0.73 
2419 11039.377538919449 0.88 
2419 11041.354803085327 0.40 
2420 11043.409306526184 0.62 
2420 11045.85588979721 0.19 
2420 11048.496936559677 0.20 
2421 11050.594580411911 0.34 
2421 11052.472890853882 0.47 
2421 11054.629869937897 0.41 
2422 11056.745252370834 0.54 
2422 11059.90016412735 0.38 
2423 11062.727353334427 0.58 
2423 11064.645221948624 0.85 
2423 11066.651030540466 0.36 
2424 11068.981993198395 0.66 
2424 11071.866565942764 0.45 
2424 11073.905535936356 0.36 
2425 11076.740803003311 0.40 
2425 11078.81998348236 0.54 
2426 11080.866434574127 0.51 
2426 11083.874307632446 0.26 
2426 11085.836636066437 0.68 
2427 11087.946258544922 0.37 
2427 11090.335007667542 0.52 
2427 11092.960762023926 0.24 
2428 11095.050325393677 0.19 
2428 11097.077937602997 0.41 
2428 11099.00223493576 0.45 
2428 11101.041478157043 0.27 
2429 11103.03652715683 0.40 
2429 11105.36172246933 0.49 
2430 11108.169550180435 0.48 
2430 11110.093970775604 0.34 
2430 11112.114803791046 0.27 
2431 11114.01204586029 0.61 
