8 0.06200218200683594 0.6 1
9 0.06183910369873047 0.6 1
9 0.06226634979248047 0.6 1
10 0.17112207412719727 0.6 1
11 0.06882619857788086 0.6 1
39 0.11905717849731445 0.7 1
39 0.14600777626037598 0.7 1
40 0.5146915912628174 0.7 1
40 0.4279136657714844 0.7 1
41 0.12116169929504395 0.7 1
65 0.18595647811889648 0.7 2
65 0.09077858924865723 0.7 2
65 0.3516666889190674 0.7 2
66 0.06682991981506348 0.7 2
66 0.2045149803161621 0.7 2
112 0.00875711441040039 0.7 2
115 0.010885477066040039 0.7 2
117 0.007733583450317383 0.7 2
119 0.009099960327148438 0.7 2
121 0.011924982070922852 0.7 2
128 0.2521517276763916 0.8 2
128 0.1764202117919922 0.8 2
129 0.11142945289611816 0.8 2
129 0.13056373596191406 0.8 2
129 0.13819622993469238 0.8 2
155 0.054508209228515625 0.8 1
156 0.18898415565490723 0.8 1
156 0.05033564567565918 0.8 1
157 0.08548831939697266 0.8 1
157 0.43394923210144043 0.8 1
189 0.06397151947021484 0.9 1
189 0.16047358512878418 0.9 1
189 0.10502982139587402 0.9 1
190 0.23283672332763672 0.9 1
190 0.07531332969665527 0.9 1
216 0.06510019302368164 0.9 2
217 0.06925773620605469 0.9 2
217 0.060647010803222656 0.9 2
218 0.049231529235839844 0.9 2
218 0.25121593475341797 0.9 2
248 0.07329392433166504 0.9 3
249 0.18387532234191895 0.9 3
249 0.05809831619262695 0.9 3
250 0.08954572677612305 0.9 3
250 0.6063168048858643 0.9 3
296 0.008257150650024414 0.9 3
298 0.01101231575012207 0.9 3
301 0.012299776077270508 0.9 3
304 0.010070323944091797 0.9 3
306 0.01924920082092285 0.9 3
356 0.01226043701171875 0.9 3
358 0.009747982025146484 0.9 3
361 0.007503509521484375 0.9 3
363 0.012740612030029297 0.9 3
366 0.04345512390136719 0.9 3
404 0.0636453628540039 0.9 2
405 0.14662885665893555 0.9 2
405 0.07832789421081543 0.9 2
406 0.2808365821838379 0.9 2
407 0.31034326553344727 0.9 2
442 0.06334447860717773 1.0 2
443 0.10920023918151855 1.0 2
444 0.23462486267089844 1.0 2
445 0.20458126068115234 1.0 2
446 0.056204795837402344 1.0 2
479 0.012379646301269531 1.0 2
482 0.014171123504638672 1.0 2
484 0.01249837875366211 1.0 2
486 0.0128021240234375 1.0 2
488 0.04453420639038086 1.0 2
539 0.010567903518676758 1.0 2
541 0.01078176498413086 1.0 2
543 0.011942863464355469 1.0 2
545 0.011590003967285156 1.0 2
548 0.011872053146362305 1.0 2
583 0.04563498497009277 1.0 1
584 0.043619394302368164 1.0 1
585 0.04949784278869629 1.0 1
586 0.07885885238647461 1.0 1
586 0.4329037666320801 1.0 1
625 0.0093536376953125 1.0 1
627 0.009151458740234375 1.0 1
629 0.009740591049194336 1.0 1
631 0.0064699649810791016 1.0 1
633 0.009439229965209961 1.0 1
678 0.010126590728759766 1.0 1
680 0.00726008415222168 1.0 1
682 0.008527755737304688 1.0 1
683 0.006966114044189453 1.0 1
685 0.0074405670166015625 1.0 1
695 0.0687704086303711 1.0 1
695 0.03214693069458008 1.0 1
696 0.04785656929016113 1.0 1
696 0.1414194107055664 1.0 1
697 0.1459667682647705 1.0 1
727 0.22079944610595703 1.0 1
728 0.05379533767700195 1.0 1
728 0.07479453086853027 1.0 1
728 0.06587028503417969 1.0 1
729 0.07518649101257324 1.0 1
771 0.00744175910949707 1.0 1
772 0.008204460144042969 1.0 1
773 0.007764339447021484 1.0 1
774 0.00954437255859375 1.0 1
776 0.0076677799224853516 1.0 1
798 0.04816389083862305 1.0 1
799 0.04415774345397949 1.0 1
800 0.05966520309448242 1.0 1
801 0.04441356658935547 1.0 1
802 0.05416512489318848 1.0 1
825 0.006592512130737305 1.0 1
826 0.00807499885559082 1.0 1
828 0.0078046321868896484 1.0 1
830 0.005852937698364258 1.0 1
831 0.006878852844238281 1.0 1
860 0.008406877517700195 1.0 1
862 0.007403373718261719 1.0 1
865 0.008597612380981445 1.0 1
868 0.007824420928955078 1.0 1
870 0.010196685791015625 1.0 1
883 0.06949138641357422 1.0 1
883 0.05322551727294922 1.0 1
884 0.037340641021728516 1.0 1
885 0.05035662651062012 1.0 1
886 0.05144000053405762 1.0 1
906 0.1557753086090088 1.0 1
907 0.06890392303466797 1.0 1
908 0.2898118495941162 1.0 1
908 0.06381011009216309 1.0 1
908 1.1826961040496826 1.0 1
957 0.0075778961181640625 1.0 1
959 0.008158206939697266 1.0 1
962 0.004881381988525391 1.0 1
964 0.0057277679443359375 1.0 1
967 0.006720781326293945 1.0 1
1014 0.010612249374389648 1.0 1
1016 0.006435871124267578 1.0 1
1018 0.006647586822509766 1.0 1
1020 0.0071506500244140625 1.0 1
1022 0.008601665496826172 1.0 1
1055 0.2057335376739502 1.0 1
1056 0.05954122543334961 1.0 1
1056 0.11245870590209961 1.0 1
1057 0.04813551902770996 1.0 1
1057 0.13018488883972168 1.0 1
1102 0.0072460174560546875 1.0 1
1104 0.006810188293457031 1.0 1
1105 0.006533384323120117 1.0 1
1107 0.00856781005859375 1.0 1
1110 0.0054280757904052734 1.0 1
1121 0.03900313377380371 1.0 1
1122 0.05624127388000488 1.0 1
1123 0.04613351821899414 1.0 1
1125 0.05530834197998047 1.0 1
1126 0.04334211349487305 1.0 1
1146 0.04880976676940918 1.0 1
1146 0.22633934020996094 1.0 1
1146 0.0728604793548584 1.0 1
1147 0.1970970630645752 1.0 1
1147 0.05952858924865723 1.0 1
1175 0.05275988578796387 1.0 1
1175 0.05337810516357422 1.0 1
1176 0.05824899673461914 1.0 1
1176 0.06924939155578613 1.0 1
1177 0.13889694213867188 1.0 1
1207 0.049756765365600586 1.0 1
1208 0.07957339286804199 1.0 1
1208 0.05318927764892578 1.0 1
1209 0.07393002510070801 1.0 1
1210 0.06356549263000488 1.0 1
1257 0.00804901123046875 1.0 1
1259 0.005600690841674805 1.0 1
1261 0.006657600402832031 1.0 1
1264 0.004907369613647461 1.0 1
1266 0.006128549575805664 1.0 1
1318 0.008038520812988281 1.0 1
1321 0.009140491485595703 1.0 1
1324 0.008144140243530273 1.0 1
1327 0.009110689163208008 1.0 1
1329 0.007901430130004883 1.0 1
1379 0.007638216018676758 1.0 1
1382 0.006537437438964844 1.0 1
1384 0.005244731903076172 1.0 1
1387 0.006325483322143555 1.0 1
1390 0.006480693817138672 1.0 1
1440 0.008404016494750977 1.0 1
1442 0.007328510284423828 1.0 1
1445 0.007929801940917969 1.0 1
1448 0.008028984069824219 1.0 1
1451 0.010405778884887695 1.0 1
1500 0.006843090057373047 1.0 1
1502 0.009281635284423828 1.0 1
1505 0.007203578948974609 1.0 1
1507 0.018871784210205078 1.0 1
1511 0.03988456726074219 1.0 1
1563 0.009033918380737305 1.0 1
1566 0.007932186126708984 1.0 1
1569 0.008248567581176758 1.0 1
1572 0.008373737335205078 1.0 1
1575 0.008348464965820312 1.0 1
1622 0.00695347785949707 1.0 1
1623 0.006041765213012695 1.0 1
1626 0.007426023483276367 1.0 1
1630 0.007881879806518555 1.0 1
1633 0.00745391845703125 1.0 1
1684 0.009228229522705078 1.0 1
1686 0.009074687957763672 1.0 1
1688 0.006356954574584961 1.0 1
1693 0.005707263946533203 1.0 1
1695 0.007016181945800781 1.0 1
1736 0.007001161575317383 1.0 1
1739 0.008770465850830078 1.0 1
1743 0.00827479362487793 1.0 1
1745 0.0075435638427734375 1.0 1
1748 0.0064203739166259766 1.0 1
1803 0.009755373001098633 1.0 1
1806 0.008522510528564453 1.0 1
1808 0.007326602935791016 1.0 1
1811 0.007843732833862305 1.0 1
1813 0.008062124252319336 1.0 1
1859 0.007157325744628906 1.0 1
1860 0.006192207336425781 1.0 1
1862 0.006247282028198242 1.0 1
1863 0.006676673889160156 1.0 1
1865 0.0066182613372802734 1.0 1
1913 0.006308555603027344 1.0 1
1915 0.006690025329589844 1.0 1
1917 0.00718235969543457 1.0 1
1919 0.007036924362182617 1.0 1
1921 0.005910396575927734 1.0 1
1944 0.0064544677734375 1.0 1
1946 0.005740642547607422 1.0 1
1949 0.0060803890228271484 1.0 1
1951 0.0057981014251708984 1.0 1
1953 0.007767438888549805 1.0 1
2005 0.007081508636474609 1.0 1
2007 0.008658647537231445 1.0 1
2009 0.00715947151184082 1.0 1
2011 0.00863504409790039 1.0 1
2013 0.008123636245727539 1.0 1
2069 0.006573677062988281 1.0 1
2071 0.006856679916381836 1.0 1
2074 0.006735324859619141 1.0 1
2076 0.007615804672241211 1.0 1
2078 0.01739668846130371 1.0 1
2127 0.0064585208892822266 1.0 1
2129 0.006928682327270508 1.0 1
2132 0.006972074508666992 1.0 1
2134 0.007771730422973633 1.0 1
2136 0.007955074310302734 1.0 1
2186 0.006707429885864258 1.0 1
2189 0.006719827651977539 1.0 1
2191 0.00549626350402832 1.0 1
2194 0.006026029586791992 1.0 1
2196 0.004750728607177734 1.0 1
2248 0.0052683353424072266 1.0 1
2250 0.00549006462097168 1.0 1
2253 0.006724357604980469 1.0 1
2255 0.005401134490966797 1.0 1
2257 0.0065765380859375 1.0 1
2302 0.005458354949951172 1.0 1
2304 0.008057355880737305 1.0 1
2306 0.006239414215087891 1.0 1
2308 0.006472110748291016 1.0 1
2310 0.007489204406738281 1.0 1
2322 0.043192148208618164 1.0 1
2323 0.07805395126342773 1.0 1
2324 0.043134212493896484 1.0 1
2324 0.04379391670227051 1.0 1
2325 0.03435182571411133 1.0 1
2346 0.06606745719909668 1.0 1
2346 0.30214929580688477 1.0 1
2347 0.08528685569763184 1.0 1
2347 0.07405877113342285 1.0 1
2348 0.08891844749450684 1.0 1
2392 0.007064104080200195 1.0 1
2394 0.006310939788818359 1.0 1
2395 0.006196737289428711 1.0 1
2397 0.0064241886138916016 1.0 1
2398 0.0063953399658203125 1.0 1
2415 0.05493617057800293 1.0 1
2416 0.0446014404296875 1.0 1
2417 0.05377840995788574 1.0 1
2418 0.050614356994628906 1.0 1
2419 0.037431955337524414 1.0 1
2450 0.004927635192871094 1.0 1
2452 0.0063898563385009766 1.0 1
2453 0.006379604339599609 1.0 1
2455 0.006243228912353516 1.0 1
2457 0.006864070892333984 1.0 1
2476 0.05901503562927246 1.0 1
2477 0.049062490463256836 1.0 1
2478 0.03955245018005371 1.0 1
2479 0.06339168548583984 1.0 1
2480 0.05476737022399902 1.0 1
2512 0.005913496017456055 1.0 1
2514 0.006208181381225586 1.0 1
2516 0.005785942077636719 1.0 1
2519 0.006671905517578125 1.0 1
2521 0.006390810012817383 1.0 1
2532 0.04530191421508789 1.0 1
2533 0.058672189712524414 1.0 1
2534 0.03286433219909668 1.0 1
2535 0.04684734344482422 1.0 1
2536 0.06350922584533691 1.0 1
2575 0.00796961784362793 1.0 1
2577 0.0059967041015625 1.0 1
2580 0.006383419036865234 1.0 1
2582 0.006275177001953125 1.0 1
2584 0.005941629409790039 1.0 1
2635 0.006358623504638672 1.0 1
2637 0.02043461799621582 1.0 1
2639 0.006543874740600586 1.0 1
2641 0.005280971527099609 1.0 1
2643 0.006586790084838867 1.0 1
2685 0.005425214767456055 1.0 1
2687 0.005641937255859375 1.0 1
2688 0.0059452056884765625 1.0 1
2690 0.006561279296875 1.0 1
2691 0.006248950958251953 1.0 1
2711 0.05463266372680664 1.0 1
2712 0.028281688690185547 1.0 1
2713 0.04958939552307129 1.0 1
2714 0.05603480339050293 1.0 1
2715 0.04968118667602539 1.0 1
2751 0.006026506423950195 1.0 1
2753 0.00637364387512207 1.0 1
2755 0.0053539276123046875 1.0 1
2756 0.0048596858978271484 1.0 1
2758 0.005330324172973633 1.0 1
2783 0.004671573638916016 1.0 1
2785 0.006859779357910156 1.0 1
2787 0.0061321258544921875 1.0 1
2790 0.0072209835052490234 1.0 1
2792 0.005487918853759766 1.0 1
2834 0.05967855453491211 1.0 1
2835 0.04778146743774414 1.0 1
2836 0.05449414253234863 1.0 1
2837 0.037833452224731445 1.0 1
2838 0.03627204895019531 1.0 1
2859 0.06046438217163086 1.0 1
2860 0.037454843521118164 1.0 1
2861 0.03843092918395996 1.0 1
2862 0.05303359031677246 1.0 1
2864 0.03844094276428223 1.0 1
2891 0.043695688247680664 1.0 1
2893 0.05516338348388672 1.0 1
2894 0.047867536544799805 1.0 1
2896 0.04456496238708496 1.0 1
2897 0.05366396903991699 1.0 1
2938 0.005107402801513672 1.0 1
2941 0.006945371627807617 1.0 1
2944 0.006039619445800781 1.0 1
2947 0.0057713985443115234 1.0 1
2950 0.006922245025634766 1.0 1
3002 0.00785970687866211 1.0 1
3005 0.007299184799194336 1.0 1
3008 0.006075620651245117 1.0 1
3011 0.006221294403076172 1.0 1
3015 0.00598907470703125 1.0 1
3061 0.00781702995300293 1.0 1
3064 0.005568504333496094 1.0 1
3066 0.0070040225982666016 1.0 1
3070 0.006517648696899414 1.0 1
3072 0.00789642333984375 1.0 1
3120 0.057888031005859375 1.0 1
3123 0.007193803787231445 1.0 1
3124 0.005953788757324219 1.0 1
3127 0.006964921951293945 1.0 1
3131 0.006430387496948242 1.0 1
3171 0.05237293243408203 1.0 1
3174 0.0530548095703125 1.0 1
3176 0.04311013221740723 1.0 1
3179 0.04795360565185547 1.0 1
3181 0.0052623748779296875 1.0 1
3208 0.038039445877075195 1.0 1
3210 0.04968547821044922 1.0 1
3213 0.006181001663208008 1.0 1
3217 0.006182193756103516 1.0 1
3219 0.0054779052734375 1.0 1
3261 0.0711982250213623 1.0 1
3263 0.05996394157409668 1.0 1
3264 0.06373453140258789 1.0 1
3266 0.05339670181274414 1.0 1
3267 0.048567771911621094 1.0 1
3300 0.007550477981567383 1.0 1
3303 0.009718179702758789 1.0 1
3305 0.0067212581634521484 1.0 1
3308 0.00910639762878418 1.0 1
3311 0.006597757339477539 1.0 1
3345 0.006199359893798828 1.0 1
3347 0.006578207015991211 1.0 1
3349 0.0065152645111083984 1.0 1
3350 0.0060040950775146484 1.0 1
3352 0.006139278411865234 1.0 1
3386 0.007231473922729492 1.0 1
3388 0.005501985549926758 1.0 1
3391 0.006528615951538086 1.0 1
3393 0.006791591644287109 1.0 1
3396 0.008216381072998047 1.0 1
3447 0.004999637603759766 1.0 1
3450 0.0057833194732666016 1.0 1
3452 0.00713801383972168 1.0 1
3454 0.005455493927001953 1.0 1
3456 0.006151437759399414 1.0 1
3507 0.006092071533203125 1.0 1
3510 0.004781484603881836 1.0 1
3512 0.007470130920410156 1.0 1
3515 0.007580757141113281 1.0 1
3517 0.006633758544921875 1.0 1
3564 0.007029533386230469 1.0 1
3566 0.008069753646850586 1.0 1
3568 0.006958484649658203 1.0 1
3570 0.005297660827636719 1.0 1
3572 0.006426334381103516 1.0 1
