1 0.05896425247192383 0.5 2
3 0.0036776065826416016 0.5 2
4 0.007775306701660156 0.5 2
6 0.004097461700439453 0.5 2
8 0.08161807060241699 0.5 2
36 0.2919149398803711 0.5 2
37 0.10928010940551758 0.5 2
37 0.05500674247741699 0.5 2
38 0.04876351356506348 0.5 2
38 0.11611247062683105 0.5 2
65 0.24942564964294434 0.5 3
65 0.1136627197265625 0.5 3
65 0.08079862594604492 0.5 3
66 0.12599802017211914 0.5 3
66 0.07426953315734863 0.5 3
112 0.06651687622070312 0.5 3
115 0.007946968078613281 0.5 3
117 0.008089303970336914 0.5 3
119 0.00748896598815918 0.5 3
121 0.007105350494384766 0.5 3
129 0.2563478946685791 0.4 3
129 0.11374568939208984 0.4 3
130 0.35175180435180664 0.4 3
130 0.12051582336425781 0.4 3
130 0.08036684989929199 0.4 3
155 0.4963958263397217 0.4 3
155 0.052904605865478516 0.4 3
156 0.07891154289245605 0.4 3
156 0.05055952072143555 0.4 3
156 0.185713529586792 0.4 3
187 0.04945206642150879 0.4 2
187 0.04882240295410156 0.4 2
188 0.14726924896240234 0.4 2
188 0.08882904052734375 0.4 2
188 0.04771828651428223 0.4 2
216 0.08461689949035645 0.4 1
217 0.048993825912475586 0.4 1
217 0.05847573280334473 0.4 1
218 0.29053473472595215 0.4 1
218 0.05847430229187012 0.4 1
247 0.09855484962463379 0.4 1
248 0.13222932815551758 0.4 1
248 0.1763749122619629 0.4 1
249 0.10692763328552246 0.4 1
249 0.06489968299865723 0.4 1
296 0.007249116897583008 0.4 1
298 0.006096839904785156 0.4 1
301 0.008190155029296875 0.4 1
304 0.007354259490966797 0.4 1
306 0.006650686264038086 0.4 1
356 0.007114410400390625 0.4 1
358 0.006931781768798828 0.4 1
361 0.005963325500488281 0.4 1
363 0.006357669830322266 0.4 1
366 0.005881547927856445 0.4 1
402 0.13924622535705566 0.4 1
403 0.0439908504486084 0.4 1
404 0.060828447341918945 0.4 1
405 0.057958126068115234 0.4 1
406 0.10054349899291992 0.4 1
433 0.055288076400756836 0.4 1
434 0.09257721900939941 0.4 1
436 0.07324624061584473 0.4 1
436 0.2617502212524414 0.4 1
437 0.24122071266174316 0.4 1
479 0.007231473922729492 0.4 1
482 0.007214546203613281 0.4 1
484 0.005839109420776367 0.4 1
486 0.0057146549224853516 0.4 1
488 0.005422115325927734 0.4 1
539 0.022208213806152344 0.4 1
541 0.11693143844604492 0.4 1
543 0.021988391876220703 0.4 1
545 0.022707223892211914 0.4 1
548 0.22728967666625977 0.4 1
581 0.11100101470947266 0.4 1
583 0.07083344459533691 0.4 1
584 0.10875296592712402 0.4 1
584 0.09862208366394043 0.4 1
585 0.07919573783874512 0.4 1
625 0.019943714141845703 0.4 1
627 0.02215743064880371 0.4 1
629 0.16483712196350098 0.4 1
631 0.10223102569580078 0.4 1
633 0.0607609748840332 0.4 1
678 0.036164283752441406 0.4 1
680 0.10069775581359863 0.4 1
682 0.020501136779785156 0.4 1
683 0.06751894950866699 0.4 1
685 0.19921541213989258 0.4 1
698 0.22191977500915527 0.5 1
699 0.5154151916503906 0.5 1
699 0.06461882591247559 0.5 1
699 0.2358543872833252 0.5 1
700 0.09000468254089355 0.5 1
728 0.05091238021850586 0.5 2
728 0.06704235076904297 0.5 2
729 0.17069458961486816 0.5 2
729 0.14891672134399414 0.5 2
730 0.10307049751281738 0.5 2
785 0.0032188892364501953 0.4 2
787 0.004044532775878906 0.4 2
789 0.003779888153076172 0.4 2
791 0.08947491645812988 0.4 2
794 0.0030214786529541016 0.4 2
828 0.07833290100097656 0.4 1
829 0.00883340835571289 0.4 1
831 0.06980609893798828 0.4 1
832 0.05320167541503906 0.4 1
833 0.04567694664001465 0.4 1
865 0.0447690486907959 0.4 2
868 0.008425474166870117 0.4 2
870 0.07512617111206055 0.4 2
871 0.00520634651184082 0.4 2
873 0.006863117218017578 0.4 2
907 0.04823899269104004 0.4 1
908 0.3985426425933838 0.4 1
908 0.09450197219848633 0.4 1
909 0.07001161575317383 0.4 1
909 0.7985785007476807 0.4 1
957 0.0064122676849365234 0.4 1
959 0.006381034851074219 0.4 1
962 0.005366086959838867 0.4 1
964 0.007290840148925781 0.4 1
967 0.04897809028625488 0.4 1
1014 0.07463431358337402 0.4 1
1016 0.006130695343017578 0.4 1
1018 0.006067752838134766 0.4 1
1020 0.006001949310302734 0.4 1
1022 0.04944348335266113 0.4 1
1058 0.14902329444885254 0.5 1
1058 0.07489609718322754 0.5 1
1058 0.10540175437927246 0.5 1
1059 0.08005762100219727 0.5 1
1059 0.13925600051879883 0.5 1
1105 0.007094383239746094 0.5 2
1107 0.006577730178833008 0.5 2
1110 0.06479907035827637 0.5 2
1111 0.0037713050842285156 0.5 2
1113 0.005728006362915039 0.5 2
1150 0.6315217018127441 0.4 2
1150 0.04830431938171387 0.4 2
1150 0.13512873649597168 0.4 2
1151 0.03736686706542969 0.4 2
1151 0.2837717533111572 0.4 2
1179 0.07963418960571289 0.5 2
1179 0.08357524871826172 0.5 2
1179 0.2262256145477295 0.5 2
1180 0.22150707244873047 0.5 2
1180 0.1364755630493164 0.5 2
1208 0.039667606353759766 0.5 3
1209 0.10657453536987305 0.5 3
1210 0.06441283226013184 0.5 3
1210 0.10310101509094238 0.5 3
1211 0.09549546241760254 0.5 3
1257 0.008034467697143555 0.5 3
1259 0.008146524429321289 0.5 3
1261 0.008526325225830078 0.5 3
1264 0.007669925689697266 0.5 3
1266 0.05372047424316406 0.5 3
1318 0.0062792301177978516 0.5 3
1321 0.009361982345581055 0.5 3
1324 0.006913423538208008 0.5 3
1327 0.008288145065307617 0.5 3
1329 0.008199691772460938 0.5 3
1379 0.02110123634338379 0.5 3
1382 0.006550788879394531 0.5 3
1384 0.005849361419677734 0.5 3
1387 0.0066547393798828125 0.5 3
1390 0.04474759101867676 0.5 3
1440 0.0065953731536865234 0.5 3
1442 0.007128477096557617 0.5 3
1445 0.007901430130004883 0.5 3
1448 0.0070362091064453125 0.5 3
1451 0.005500316619873047 0.5 3
1500 0.008388757705688477 0.5 3
1502 0.008703947067260742 0.5 3
1505 0.008089303970336914 0.5 3
1507 0.008066177368164062 0.5 3
1510 0.0070056915283203125 0.5 3
1563 0.008899450302124023 0.5 3
1566 0.007647275924682617 0.5 3
1569 0.008578300476074219 0.5 3
1572 0.00800633430480957 0.5 3
1575 0.006643772125244141 0.5 3
1622 0.00858449935913086 0.5 3
1623 0.008155107498168945 0.5 3
1626 0.006433010101318359 0.5 3
1630 0.007065296173095703 0.5 3
1633 0.008660554885864258 0.5 3
1684 0.007505893707275391 0.5 3
1686 0.007472515106201172 0.5 3
1688 0.007262229919433594 0.5 3
1693 0.006707668304443359 0.5 3
1695 0.028502464294433594 0.5 3
1736 0.009857416152954102 0.5 3
1739 0.006989479064941406 0.5 3
1743 0.0072705745697021484 0.5 3
1745 0.007854223251342773 0.5 3
1748 0.0074100494384765625 0.5 3
1803 0.008103370666503906 0.5 3
1806 0.0076906681060791016 0.5 3
1808 0.006895542144775391 0.5 3
1811 0.00773310661315918 0.5 3
1813 0.007172346115112305 0.5 3
1876 0.05841517448425293 0.4 3
1877 0.08511185646057129 0.4 3
1878 0.07415461540222168 0.4 3
1879 0.07760977745056152 0.4 3
1880 0.07433557510375977 0.4 3
1913 0.010528326034545898 0.4 3
1915 0.007879495620727539 0.4 3
1917 0.008227109909057617 0.4 3
1919 0.02731800079345703 0.4 3
1921 0.006119966506958008 0.4 3
1944 0.010556697845458984 0.4 3
1946 0.005074262619018555 0.4 3
1949 0.006821632385253906 0.4 3
1951 0.006654977798461914 0.4 3
1953 0.039273738861083984 0.4 3
2005 0.006395578384399414 0.4 3
2007 0.009413957595825195 0.4 3
2009 0.009516239166259766 0.4 3
2011 0.009912252426147461 0.4 3
2013 0.018252134323120117 0.4 3
2069 0.008401870727539062 0.4 3
2071 0.008636951446533203 0.4 3
2074 0.008392095565795898 0.4 3
2076 0.06208014488220215 0.4 3
2078 0.05429577827453613 0.4 3
2127 0.00816202163696289 0.4 3
2129 0.006747245788574219 0.4 3
2132 0.006987333297729492 0.4 3
2134 0.006907939910888672 0.4 3
2136 0.008014917373657227 0.4 3
2186 0.008466958999633789 0.4 3
2189 0.006937980651855469 0.4 3
2191 0.005681037902832031 0.4 3
2194 0.006049394607543945 0.4 3
2196 0.0053980350494384766 0.4 3
2252 0.007343769073486328 0.4 2
2254 0.006002902984619141 0.4 2
2257 0.010954856872558594 0.4 2
2258 0.044119834899902344 0.4 2
2259 0.045027732849121094 0.4 2
2306 0.0033218860626220703 0.4 3
2308 0.005743741989135742 0.4 3
2310 0.05828428268432617 0.4 3
2311 0.07574582099914551 0.4 3
2312 0.006914615631103516 0.4 3
2346 0.30762362480163574 0.4 2
2347 0.07915496826171875 0.4 2
2347 0.08398938179016113 0.4 2
2348 0.1605832576751709 0.4 2
2348 0.10066699981689453 0.4 2
2409 0.054085731506347656 0.5 2
2410 0.0037314891815185547 0.5 2
2412 0.08924508094787598 0.5 2
2412 0.005400657653808594 0.5 2
2413 0.1051931381225586 0.5 2
2469 0.09586501121520996 0.6 2
2471 0.0910031795501709 0.6 2
2472 0.014972448348999023 0.6 2
2473 0.012007713317871094 0.6 2
2474 0.05962944030761719 0.6 2
2516 0.007570743560791016 0.6 1
2518 0.007831811904907227 0.6 1
2520 0.008704662322998047 0.6 1
2522 0.00695490837097168 0.6 1
2524 0.006810426712036133 0.6 1
2575 0.009702682495117188 0.6 1
2577 0.0065631866455078125 0.6 1
2580 0.007662773132324219 0.6 1
2582 0.005513429641723633 0.6 1
2584 0.016787290573120117 0.6 1
2635 0.005443096160888672 0.6 1
2637 0.007833719253540039 0.6 1
2639 0.04656410217285156 0.6 1
2641 0.006894588470458984 0.6 1
2643 0.0783073902130127 0.6 1
2685 0.019614696502685547 0.6 1
2687 0.06653547286987305 0.6 1
2688 0.07934784889221191 0.6 1
2690 0.01372218132019043 0.6 1
2691 0.06024765968322754 0.6 1
2713 0.053109169006347656 0.6 2
2714 0.04412698745727539 0.6 2
2715 0.05489683151245117 0.6 2
2715 0.08025813102722168 0.6 2
2716 0.17813420295715332 0.6 2
2755 0.07208704948425293 0.6 3
2756 0.019397735595703125 0.6 3
2758 0.05826163291931152 0.6 3
2759 0.06714057922363281 0.6 3
2760 0.07219314575195312 0.6 3
2787 0.020706892013549805 0.6 2
2789 0.004995107650756836 0.6 2
2791 0.021294593811035156 0.6 2
2793 0.04897284507751465 0.6 2
2794 0.08573484420776367 0.6 2
2836 0.0509943962097168 0.6 1
2837 0.0580601692199707 0.6 1
2838 0.03874039649963379 0.6 1
2839 0.0841226577758789 0.6 1
2839 0.06203627586364746 0.6 1
2865 0.0685427188873291 0.7 1
2865 0.40354323387145996 0.7 1
2866 0.1126551628112793 0.7 1
2867 0.04873013496398926 0.7 1
2867 0.05974864959716797 0.7 1
2899 0.2349398136138916 0.8 1
2900 0.1641554832458496 0.8 1
2900 0.08795619010925293 0.8 1
2901 0.07594966888427734 0.8 1
2902 0.1002051830291748 0.8 1
2938 0.007803678512573242 0.8 1
2941 0.00790095329284668 0.8 1
2944 0.007291078567504883 0.8 1
2947 0.007059335708618164 0.8 1
2950 0.04826521873474121 0.8 1
3002 0.0073986053466796875 0.8 1
3005 0.007829427719116211 0.8 1
3008 0.007234811782836914 0.8 1
3011 0.019400596618652344 0.8 1
3015 0.04782509803771973 0.8 1
3066 0.017226457595825195 0.8 2
3070 0.007223367691040039 0.8 2
3072 0.058016300201416016 0.8 2
3075 0.03648877143859863 0.8 2
3076 0.05395078659057617 0.8 2
3123 0.008134603500366211 0.8 1
3127 0.007878780364990234 0.8 1
3130 0.006234169006347656 0.8 1
3132 0.049376726150512695 0.8 1
3135 0.05318331718444824 0.8 1
3188 0.0291440486907959 0.9 1
3190 0.008317947387695312 0.9 1
3193 0.010348320007324219 0.9 1
3196 0.012112617492675781 0.9 1
3199 0.011124134063720703 0.9 1
3237 0.04791450500488281 0.9 1
3240 0.06060647964477539 0.9 1
3242 0.009444713592529297 0.9 1
3245 0.016669511795043945 0.9 1
3247 0.007643938064575195 0.9 1
3300 0.009134054183959961 0.9 1
3303 0.008943557739257812 0.9 1
3305 0.008429765701293945 0.9 1
3308 0.0070858001708984375 0.9 1
3311 0.005975246429443359 0.9 1
3354 0.045073509216308594 1.0 1
3356 0.05795693397521973 1.0 1
3357 0.05854988098144531 1.0 1
3358 0.0711832046508789 1.0 1
3359 0.0439908504486084 1.0 1
3386 0.009356260299682617 1.0 1
3388 0.006891489028930664 1.0 1
3391 0.008149862289428711 1.0 1
3393 0.0074939727783203125 1.0 1
3396 0.02012324333190918 1.0 1
3447 0.02114272117614746 1.0 1
3450 0.00617671012878418 1.0 1
3452 0.007230520248413086 1.0 1
3454 0.0056726932525634766 1.0 1
3456 0.04485893249511719 1.0 1
3507 0.00784611701965332 1.0 1
3510 0.007058858871459961 1.0 1
3512 0.0059201717376708984 1.0 1
3515 0.008951663970947266 1.0 1
3517 0.0068509578704833984 1.0 1
3564 0.0089874267578125 1.0 1
3566 0.009098291397094727 1.0 1
3568 0.020175933837890625 1.0 1
3570 0.043611764907836914 1.0 1
3572 0.05894613265991211 1.0 1
3601 0.8780484199523926 1.0 1
3601 0.05788898468017578 1.0 1
3601 0.048451900482177734 1.0 1
3601 0.06407570838928223 1.0 1
3601 0.05833721160888672 1.0 1
3601 0.0796351432800293 1.0 1
3601 0.052570343017578125 1.0 1
3601 0.053838253021240234 1.0 1
3601 0.39693617820739746 1.0 1
3601 0.05761075019836426 1.0 1
1 0.045667409896850586 1.0 1
2 0.09198212623596191 1.0 1
3 0.09135270118713379 1.0 1
4 0.009201526641845703 1.0 1
4 0.08559608459472656 1.0 1
52 0.009096384048461914 1.0 1
54 0.0060062408447265625 1.0 1
57 0.07468533515930176 1.0 1
59 0.005782127380371094 1.0 1
62 0.005684852600097656 1.0 1
114 0.06077313423156738 1.0 1
115 0.09537863731384277 1.0 1
116 0.007957696914672852 1.0 1
117 0.0961003303527832 1.0 1
118 0.0064508914947509766 1.0 1
141 0.006236076354980469 1.0 1
142 0.0063724517822265625 1.0 1
144 0.0053958892822265625 1.0 1
146 0.006285429000854492 1.0 1
148 0.06288409233093262 1.0 1
169 0.039938926696777344 1.0 1
171 0.007330656051635742 1.0 1
172 0.0062940120697021484 1.0 1
174 0.005118608474731445 1.0 1
175 0.00721287727355957 1.0 1
194 0.032721519470214844 1.0 1
195 0.1805438995361328 1.0 1
197 0.09891128540039062 1.0 1
198 0.11115312576293945 1.0 1
199 0.021179914474487305 1.0 1
226 0.059258460998535156 1.0 1
227 0.01928257942199707 1.0 1
229 0.07223033905029297 1.0 1
230 0.03477215766906738 1.0 1
231 0.019173383712768555 1.0 1
259 0.03943300247192383 1.0 1
261 0.17586970329284668 1.0 1
262 0.18771624565124512 1.0 1
263 0.01790618896484375 1.0 1
265 0.01790452003479004 1.0 1
288 0.019979000091552734 1.0 1
290 0.02171945571899414 1.0 1
292 0.023458003997802734 1.0 1
294 0.019857406616210938 1.0 1
295 0.08101630210876465 1.0 1
323 0.02167344093322754 1.0 1
325 0.0398256778717041 1.0 1
327 0.018121004104614258 1.0 1
329 0.03392791748046875 1.0 1
331 0.020842552185058594 1.0 1
354 0.07431626319885254 1.0 1
356 0.01692795753479004 1.0 1
358 0.019562721252441406 1.0 1
361 0.020377397537231445 1.0 1
363 0.019293785095214844 1.0 1
416 0.019309043884277344 1.0 1
419 0.023878097534179688 1.0 1
421 0.021220922470092773 1.0 1
424 0.019553422927856445 1.0 1
426 0.020162582397460938 1.0 1
476 0.017754554748535156 1.0 1
479 0.017001628875732422 1.0 1
481 0.01998615264892578 1.0 1
484 0.020943164825439453 1.0 1
487 0.019266605377197266 1.0 1
539 0.021825551986694336 1.0 1
542 0.017258167266845703 1.0 1
544 0.02181839942932129 1.0 1
547 0.039201974868774414 1.0 1
550 0.020269393920898438 1.0 1
596 0.020055055618286133 1.0 1
598 0.019812345504760742 1.0 1
601 0.020526885986328125 1.0 1
603 0.019603252410888672 1.0 1
606 0.01953577995300293 1.0 1
656 0.019463062286376953 1.0 1
659 0.019158124923706055 1.0 1
661 0.01884150505065918 1.0 1
663 0.021822690963745117 1.0 1
665 0.01953125 1.0 1
714 0.01663804054260254 1.0 1
716 0.023747682571411133 1.0 1
718 0.018750429153442383 1.0 1
720 0.020453214645385742 1.0 1
722 0.07616376876831055 1.0 1
770 0.0200347900390625 1.0 1
772 0.020517587661743164 1.0 1
774 0.08016133308410645 1.0 1
775 0.019454002380371094 1.0 1
777 0.019214391708374023 1.0 1
800 0.023839473724365234 1.0 1
801 0.019753456115722656 1.0 1
803 0.02035355567932129 1.0 1
805 0.039582252502441406 1.0 1
806 0.018647193908691406 1.0 1
829 0.015472650527954102 1.0 1
831 0.022998571395874023 1.0 1
832 0.022419452667236328 1.0 1
834 0.049944162368774414 1.0 1
836 0.019589900970458984 1.0 1
859 0.05618691444396973 1.0 1
861 0.019743680953979492 1.0 1
862 0.017993927001953125 1.0 1
864 0.04496359825134277 1.0 1
865 0.020354032516479492 1.0 1
889 0.04794621467590332 1.0 1
891 0.08740425109863281 1.0 1
893 0.017577648162841797 1.0 1
894 0.020255565643310547 1.0 1
896 0.05980253219604492 1.0 1
920 0.04760313034057617 1.0 1
922 0.021111488342285156 1.0 1
923 0.05519413948059082 1.0 1
925 0.02428436279296875 1.0 1
927 0.03735470771789551 1.0 1
949 0.020805835723876953 1.0 1
951 0.020407676696777344 1.0 1
953 0.020786762237548828 1.0 1
955 0.045404672622680664 1.0 1
956 0.020785093307495117 1.0 1
981 0.02008366584777832 1.0 1
982 0.019453048706054688 1.0 1
984 0.017721176147460938 1.0 1
986 0.1105647087097168 1.0 1
987 0.020138025283813477 1.0 1
1010 0.01834893226623535 1.0 1
1012 0.045348167419433594 1.0 1
1014 0.019201993942260742 1.0 1
1015 0.05759429931640625 1.0 1
1017 0.01966691017150879 1.0 1
1041 0.04791617393493652 1.0 1
1042 0.01857471466064453 1.0 1
1044 0.019974470138549805 1.0 1
1046 0.04541659355163574 1.0 1
1048 0.021647930145263672 1.0 1
1070 0.019460201263427734 1.0 1
1072 0.019991636276245117 1.0 1
1074 0.02087688446044922 1.0 1
1076 0.019093990325927734 1.0 1
1077 0.09244966506958008 1.0 1
1099 0.03200411796569824 1.0 1
1100 0.08856678009033203 1.0 1
1102 0.01693415641784668 1.0 1
1104 0.022054195404052734 1.0 1
1106 0.04493904113769531 1.0 1
1129 0.020411014556884766 1.0 1
1131 0.011338472366333008 1.0 1
1133 0.024372339248657227 1.0 1
1134 0.019100427627563477 1.0 1
1136 0.06562161445617676 1.0 1
1159 0.01978278160095215 1.0 1
1161 0.019656658172607422 1.0 1
1162 0.019777536392211914 1.0 1
1164 0.036528825759887695 1.0 1
1166 0.01914668083190918 1.0 1
1190 0.05085396766662598 1.0 1
1192 0.01442575454711914 1.0 1
1194 0.02070927619934082 1.0 1
1195 0.018613576889038086 1.0 1
1197 0.03347635269165039 1.0 1
1221 0.021337270736694336 1.0 1
1222 0.018507003784179688 1.0 1
1224 0.04677152633666992 1.0 1
1226 0.017647981643676758 1.0 1
1228 0.0183718204498291 1.0 1
1252 0.019978046417236328 1.0 1
1254 0.02058553695678711 1.0 1
1256 0.02039623260498047 1.0 1
1257 0.020488262176513672 1.0 1
1259 0.03908085823059082 1.0 1
1281 0.035462141036987305 1.0 1
1282 0.01901841163635254 1.0 1
1285 0.017639875411987305 1.0 1
1286 0.03482484817504883 1.0 1
1288 0.01850438117980957 1.0 1
1312 0.02014946937561035 1.0 1
1314 0.03134560585021973 1.0 1
1316 0.017949342727661133 1.0 1
1318 0.020089387893676758 1.0 1
1320 0.054361581802368164 1.0 1
1342 0.017228364944458008 1.0 1
1344 0.051369428634643555 1.0 1
1346 0.09634137153625488 1.0 1
1348 0.03426766395568848 1.0 1
1349 0.016893863677978516 1.0 1
1372 0.044274091720581055 1.0 1
1374 0.018161296844482422 1.0 1
1376 0.06467032432556152 1.0 1
1378 0.01821279525756836 1.0 1
1380 0.021128416061401367 1.0 1
1405 0.028110265731811523 1.0 1
1408 0.02004075050354004 1.0 1
1410 0.01861739158630371 1.0 1
1412 0.020480632781982422 1.0 1
1414 0.03320169448852539 1.0 1
1467 0.0192110538482666 1.0 1
1469 0.020295381546020508 1.0 1
1472 0.03251004219055176 1.0 1
1474 0.01992011070251465 1.0 1
1477 0.019181013107299805 1.0 1
1530 0.021839141845703125 1.0 1
1533 0.022037267684936523 1.0 1
1537 0.019919395446777344 1.0 1
1539 0.021445751190185547 1.0 1
1542 0.022836923599243164 1.0 1
1591 0.01714158058166504 1.0 1
1594 0.021319150924682617 1.0 1
1598 0.017922639846801758 1.0 1
1599 0.032674551010131836 1.0 1
1601 0.03523135185241699 1.0 1
1653 0.039406776428222656 1.0 1
1655 0.019623279571533203 1.0 1
1658 0.020113229751586914 1.0 1
1660 0.0204315185546875 1.0 1
1663 0.017998695373535156 1.0 1
1708 0.022357702255249023 1.0 1
1710 0.019450902938842773 1.0 1
1712 0.019010305404663086 1.0 1
1715 0.019682884216308594 1.0 1
1717 0.020825624465942383 1.0 1
1771 0.018249034881591797 1.0 1
1773 0.020923137664794922 1.0 1
1775 0.020711660385131836 1.0 1
1778 0.03481101989746094 1.0 1
1781 0.018361568450927734 1.0 1
1827 0.018645763397216797 1.0 1
1829 0.020126819610595703 1.0 1
1832 0.020842313766479492 1.0 1
1834 0.0168612003326416 1.0 1
1836 0.020664453506469727 1.0 1
1881 0.035212039947509766 1.0 1
1883 0.016973257064819336 1.0 1
1885 0.05087590217590332 1.0 1
1887 0.09147214889526367 1.0 1
1889 0.02011728286743164 1.0 1
1911 0.12055635452270508 1.0 1
1912 0.0375370979309082 1.0 1
1914 0.045473337173461914 1.0 1
1916 0.02084183692932129 1.0 1
1918 0.0209805965423584 1.0 1
1938 0.22875046730041504 1.0 1
1940 0.018462419509887695 1.0 1
1942 0.06694579124450684 1.0 1
1944 0.015297174453735352 1.0 1
1945 0.021345138549804688 1.0 1
1968 0.019122838973999023 1.0 1
1970 0.054986000061035156 1.0 1
1971 0.01956772804260254 1.0 1
1973 0.017917394638061523 1.0 1
1975 0.13751554489135742 1.0 1
1997 0.025103330612182617 1.0 1
1998 0.07546877861022949 1.0 1
2000 0.019978046417236328 1.0 1
2001 0.018116474151611328 1.0 1
2003 0.06023907661437988 1.0 1
2027 0.08134841918945312 1.0 1
2029 0.01769089698791504 1.0 1
2030 0.08898043632507324 1.0 1
2032 0.022890090942382812 1.0 1
2033 0.02052021026611328 1.0 1
2059 0.039481163024902344 1.0 1
2061 0.017269134521484375 1.0 1
2063 0.01905512809753418 1.0 1
2065 0.019759654998779297 1.0 1
2066 0.024671554565429688 1.0 1
2089 0.020947933197021484 1.0 1
2091 0.04393601417541504 1.0 1
2092 0.01751089096069336 1.0 1
2094 0.021768808364868164 1.0 1
2096 0.05798983573913574 1.0 1
2119 0.033306121826171875 1.0 1
2121 0.025963783264160156 1.0 1
2122 0.08505773544311523 1.0 1
2124 0.017945051193237305 1.0 1
2126 0.07259535789489746 1.0 1
2149 0.04320883750915527 1.0 1
2151 0.01956462860107422 1.0 1
2153 0.022069215774536133 1.0 1
2154 0.02017831802368164 1.0 1
2156 0.020672082901000977 1.0 1
2179 0.023545265197753906 1.0 1
2180 0.06821179389953613 1.0 1
2182 0.022111177444458008 1.0 1
2183 0.02030467987060547 1.0 1
2185 0.020985126495361328 1.0 1
2209 0.02129054069519043 1.0 1
2210 0.06250166893005371 1.0 1
2212 0.0896146297454834 1.0 1
2214 0.01988053321838379 1.0 1
2215 0.018648386001586914 1.0 1
2238 0.10537195205688477 1.0 1
2240 0.019601106643676758 1.0 1
2241 0.02168440818786621 1.0 1
2243 0.021045446395874023 1.0 1
2244 0.018857479095458984 1.0 1
2268 0.012519598007202148 1.0 1
2270 0.017462730407714844 1.0 1
2271 0.041068315505981445 1.0 1
2273 0.0945444107055664 1.0 1
2275 0.023549556732177734 1.0 1
2299 0.04572439193725586 1.0 1
2300 0.10795903205871582 1.0 1
2302 0.10700798034667969 1.0 1
2304 0.07999062538146973 1.0 1
2306 0.10197639465332031 1.0 1
2329 0.014779090881347656 1.0 1
2331 0.07522225379943848 1.0 1
2332 0.020264387130737305 1.0 1
2334 0.07280230522155762 1.0 1
2336 0.03722047805786133 1.0 1
2359 0.020102977752685547 1.0 1
2361 0.06938743591308594 1.0 1
2362 0.020810842514038086 1.0 1
2364 0.06882810592651367 1.0 1
2366 0.02173304557800293 1.0 1
2389 0.020594358444213867 1.0 1
2390 0.05720233917236328 1.0 1
2392 0.03376603126525879 1.0 1
2394 0.018083810806274414 1.0 1
2395 0.019173860549926758 1.0 1
2419 0.02195286750793457 1.0 1
2421 0.06791806221008301 1.0 1
2422 0.018802404403686523 1.0 1
2424 0.019847631454467773 1.0 1
2426 0.020777463912963867 1.0 1
2449 0.0510859489440918 1.0 1
2451 0.10099220275878906 1.0 1
2452 0.01998138427734375 1.0 1
2454 0.021650075912475586 1.0 1
2456 0.05496525764465332 1.0 1
2479 0.01829981803894043 1.0 1
2481 0.021260499954223633 1.0 1
2482 0.020125627517700195 1.0 1
2484 0.041478872299194336 1.0 1
2486 0.02090930938720703 1.0 1
2509 0.01902914047241211 1.0 1
2510 0.1521756649017334 1.0 1
2512 0.01932668685913086 1.0 1
2514 0.020541667938232422 1.0 1
2515 0.01866626739501953 1.0 1
2536 0.02167224884033203 1.0 1
2537 0.04230451583862305 1.0 1
2539 0.02021956443786621 1.0 1
2540 0.017002582550048828 1.0 1
2541 0.036401987075805664 1.0 1
2566 0.02745819091796875 1.0 1
2567 0.018915891647338867 1.0 1
2568 0.02530217170715332 1.0 1
2570 0.017788410186767578 1.0 1
2571 0.09409117698669434 1.0 1
2596 0.05946850776672363 1.0 1
2597 0.021792888641357422 1.0 1
2599 0.02094268798828125 1.0 1
2600 0.039984941482543945 1.0 1
2601 0.020516157150268555 1.0 1
2625 0.04366350173950195 1.0 1
2626 0.019427776336669922 1.0 1
2628 0.019005298614501953 1.0 1
2629 0.051972389221191406 1.0 1
2631 0.08459591865539551 1.0 1
2657 0.018584251403808594 1.0 1
2659 0.020453691482543945 1.0 1
2660 0.01910877227783203 1.0 1
2662 0.03785276412963867 1.0 1
2663 0.011470317840576172 1.0 1
2687 0.020584583282470703 1.0 1
2689 0.01860213279724121 1.0 1
2691 0.0515742301940918 1.0 1
2692 0.019804716110229492 1.0 1
2694 0.07338595390319824 1.0 1
2719 0.02039194107055664 1.0 1
2720 0.01948261260986328 1.0 1
2722 0.01837444305419922 1.0 1
2723 0.017099380493164062 1.0 1
2725 0.016323328018188477 1.0 1
2748 0.02038431167602539 1.0 1
2750 0.09057879447937012 1.0 1
2752 0.0183103084564209 1.0 1
2753 0.0165712833404541 1.0 1
2755 0.01194143295288086 1.0 1
2779 0.017961740493774414 1.0 1
2781 0.019504785537719727 1.0 1
2783 0.02075791358947754 1.0 1
2785 0.02560734748840332 1.0 1
2786 0.020839691162109375 1.0 1
2810 0.037142276763916016 1.0 1
2811 0.020461320877075195 1.0 1
2813 0.020865201950073242 1.0 1
2815 0.022032737731933594 1.0 1
2816 0.12002968788146973 1.0 1
2842 0.0191347599029541 1.0 1
2845 0.019166231155395508 1.0 1
2846 0.02099776268005371 1.0 1
2848 0.02019643783569336 1.0 1
2850 0.02404165267944336 1.0 1
2872 0.020016908645629883 1.0 1
2874 0.0181121826171875 1.0 1
2876 0.01977229118347168 1.0 1
2878 0.021966934204101562 1.0 1
2880 0.019748210906982422 1.0 1
2906 0.019733667373657227 1.0 1
2908 0.01819753646850586 1.0 1
2911 0.019514083862304688 1.0 1
2913 0.018740415573120117 1.0 1
2915 0.021715641021728516 1.0 1
2968 0.020302295684814453 1.0 1
2970 0.021376371383666992 1.0 1
2973 0.021327733993530273 1.0 1
2975 0.0709381103515625 1.0 1
2977 0.018553972244262695 1.0 1
3032 0.020595312118530273 1.0 1
3034 0.019951581954956055 1.0 1
3037 0.021634340286254883 1.0 1
3039 0.019565343856811523 1.0 1
3041 0.019593000411987305 1.0 1
3092 0.021622896194458008 1.0 1
3095 0.02042865753173828 1.0 1
3097 0.021671056747436523 1.0 1
3100 0.04118776321411133 1.0 1
3101 0.0188295841217041 1.0 1
3147 0.021722793579101562 1.0 1
3148 0.02199840545654297 1.0 1
3151 0.02079939842224121 1.0 1
3153 0.019007205963134766 1.0 1
3155 0.02120518684387207 1.0 1
3212 0.016139507293701172 1.0 1
3214 0.017595529556274414 1.0 1
3217 0.02011895179748535 1.0 1
3219 0.020305395126342773 1.0 1
3222 0.02069854736328125 1.0 1
3266 0.0674591064453125 1.0 1
3268 0.019503355026245117 1.0 1
3270 0.021364927291870117 1.0 1
3272 0.018297433853149414 1.0 1
3274 0.020290374755859375 1.0 1
3320 0.019212722778320312 1.0 1
3322 0.01778697967529297 1.0 1
3324 0.01882171630859375 1.0 1
3326 0.021927595138549805 1.0 1
3328 0.033535003662109375 1.0 1
3350 0.013148784637451172 1.0 1
3352 0.05331540107727051 1.0 1
3354 0.0209352970123291 1.0 1
3356 0.019654035568237305 1.0 1
3358 0.021306991577148438 1.0 1
3378 0.01894378662109375 1.0 1
3379 0.0693809986114502 1.0 1
3381 0.019340991973876953 1.0 1
3382 0.07577633857727051 1.0 1
3384 0.02344512939453125 1.0 1
3408 0.01868724822998047 1.0 1
3410 0.020548105239868164 1.0 1
3412 0.07425284385681152 1.0 1
3413 0.025009632110595703 1.0 1
3415 0.0691220760345459 1.0 1
3436 0.042665958404541016 1.0 1
3437 0.020001649856567383 1.0 1
3439 0.07632017135620117 1.0 1
3440 0.024533748626708984 1.0 1
3441 0.17922067642211914 1.0 1
3466 0.021001577377319336 1.0 1
3468 0.08821678161621094 1.0 1
3469 0.020389080047607422 1.0 1
3470 0.08316302299499512 1.0 1
3472 0.020103931427001953 1.0 1
3498 0.01866316795349121 1.0 1
3499 0.07797527313232422 1.0 1
3501 0.02147650718688965 1.0 1
3502 0.01997518539428711 1.0 1
3504 0.05304861068725586 1.0 1
3528 0.019582271575927734 1.0 1
3529 0.019720792770385742 1.0 1
3531 0.02131175994873047 1.0 1
3533 0.05511641502380371 1.0 1
3534 0.018876314163208008 1.0 1
3558 0.016951560974121094 1.0 1
3560 0.01893782615661621 1.0 1
3562 0.030120372772216797 1.0 1
3564 0.020117998123168945 1.0 1
3565 0.020267963409423828 1.0 1
3589 0.019872665405273438 1.0 1
3591 0.05222654342651367 1.0 1
3592 0.02081298828125 1.0 1
3594 0.021123170852661133 1.0 1
3596 0.024106740951538086 1.0 1
3601 0.07692289352416992 1.0 1
3601 0.04794931411743164 1.0 1
3601 0.037920475006103516 1.0 1
3601 0.05322527885437012 1.0 1
3601 0.05822873115539551 1.0 1
3601 0.033185482025146484 1.0 1
3601 0.04299616813659668 1.0 1
3601 0.04807162284851074 1.0 1
3601 0.04305386543273926 1.0 1
3601 0.043038368225097656 1.0 1
16 0.020528078079223633 1.0 1
18 0.021250486373901367 1.0 1
19 0.05009651184082031 1.0 1
21 0.02046942710876465 1.0 1
22 0.019257307052612305 1.0 1
48 0.012104034423828125 1.0 1
50 0.08571195602416992 1.0 1
52 0.03603982925415039 1.0 1
53 0.06922650337219238 1.0 1
55 0.016342878341674805 1.0 1
74 0.0845644474029541 1.0 1
76 0.013817310333251953 1.0 1
77 0.02026200294494629 1.0 1
78 0.04189658164978027 1.0 1
79 0.09255075454711914 1.0 1
105 0.015357494354248047 1.0 1
106 0.07568144798278809 1.0 1
107 0.019414663314819336 1.0 1
108 0.018543481826782227 1.0 1
110 0.06770205497741699 1.0 1
134 0.0218353271484375 1.0 1
136 0.018140792846679688 1.0 1
137 0.03869295120239258 1.0 1
138 0.02155590057373047 1.0 1
140 0.08427882194519043 1.0 1
165 0.048413753509521484 1.0 1
166 0.021607160568237305 1.0 1
167 0.07169222831726074 1.0 1
169 0.09334707260131836 1.0 1
170 0.07981538772583008 1.0 1
196 0.01593804359436035 1.0 1
198 0.057760000228881836 1.0 1
199 0.017034530639648438 1.0 1
201 0.021928071975708008 1.0 1
202 0.05768418312072754 1.0 1
226 0.04983925819396973 1.0 1
228 0.08566594123840332 1.0 1
229 0.021451711654663086 1.0 1
231 0.01962733268737793 1.0 1
232 0.019823551177978516 1.0 1
259 0.02492070198059082 1.0 1
260 0.019705772399902344 1.0 1
262 0.020021915435791016 1.0 1
264 0.01870274543762207 1.0 1
266 0.019303321838378906 1.0 1
289 0.06810212135314941 1.0 1
291 0.021595478057861328 1.0 1
292 0.01891303062438965 1.0 1
294 0.019173622131347656 1.0 1
296 0.03155112266540527 1.0 1
324 0.0215756893157959 1.0 1
326 0.020752668380737305 1.0 1
328 0.02029728889465332 1.0 1
330 0.018785715103149414 1.0 1
332 0.021417617797851562 1.0 1
387 0.018999099731445312 1.0 1
390 0.019721031188964844 1.0 1
392 0.08508872985839844 1.0 1
394 0.01800704002380371 1.0 1
397 0.03746986389160156 1.0 1
448 0.019287586212158203 1.0 1
451 0.020136356353759766 1.0 1
453 0.02132415771484375 1.0 1
456 0.03643631935119629 1.0 1
459 0.02146291732788086 1.0 1
508 0.01879143714904785 1.0 1
511 0.018876314163208008 1.0 1
513 0.01933598518371582 1.0 1
516 0.017544984817504883 1.0 1
519 0.035668373107910156 1.0 1
566 0.020848512649536133 1.0 1
568 0.01957249641418457 1.0 1
571 0.01977372169494629 1.0 1
573 0.02117180824279785 1.0 1
576 0.024072647094726562 1.0 1
624 0.020896434783935547 1.0 1
626 0.018650054931640625 1.0 1
628 0.020717382431030273 1.0 1
631 0.028462886810302734 1.0 1
633 0.020363569259643555 1.0 1
681 0.018197059631347656 1.0 1
683 0.05478310585021973 1.0 1
686 0.014066457748413086 1.0 1
688 0.017464160919189453 1.0 1
690 0.019800424575805664 1.0 1
713 0.019190549850463867 1.0 1
715 0.04195117950439453 1.0 1
717 0.021249055862426758 1.0 1
719 0.0193634033203125 1.0 1
720 0.019793272018432617 1.0 1
740 0.09814691543579102 1.0 1
742 0.020316600799560547 1.0 1
744 0.020158052444458008 1.0 1
745 0.04793834686279297 1.0 1
747 0.019236087799072266 1.0 1
770 0.019693374633789062 1.0 1
772 0.0200040340423584 1.0 1
774 0.0717763900756836 1.0 1
775 0.01821732521057129 1.0 1
777 0.019575834274291992 1.0 1
800 0.06728482246398926 1.0 1
802 0.019240617752075195 1.0 1
804 0.03364968299865723 1.0 1
805 0.022138357162475586 1.0 1
807 0.01509857177734375 1.0 1
829 0.06141400337219238 1.0 1
831 0.020418167114257812 1.0 1
832 0.01775193214416504 1.0 1
834 0.020350217819213867 1.0 1
836 0.021228551864624023 1.0 1
859 0.020612716674804688 1.0 1
861 0.06838154792785645 1.0 1
863 0.01692509651184082 1.0 1
864 0.06596136093139648 1.0 1
866 0.01936626434326172 1.0 1
890 0.017281055450439453 1.0 1
891 0.019877195358276367 1.0 1
893 0.02067875862121582 1.0 1
895 0.021389484405517578 1.0 1
896 0.024148941040039062 1.0 1
919 0.08425116539001465 1.0 1
921 0.02019333839416504 1.0 1
923 0.01913738250732422 1.0 1
924 0.06633424758911133 1.0 1
926 0.020555734634399414 1.0 1
950 0.018793106079101562 1.0 1
952 0.04140830039978027 1.0 1
954 0.017600297927856445 1.0 1
955 0.07943964004516602 1.0 1
957 0.019964218139648438 1.0 1
980 0.02298736572265625 1.0 1
982 0.044515371322631836 1.0 1
984 0.02093029022216797 1.0 1
986 0.01813030242919922 1.0 1
988 0.053442955017089844 1.0 1
1010 0.04574894905090332 1.0 1
1012 0.023508548736572266 1.0 1
1014 0.07367587089538574 1.0 1
1015 0.019613981246948242 1.0 1
1017 0.021210193634033203 1.0 1
1041 0.024566173553466797 1.0 1
1042 0.019536972045898438 1.0 1
1044 0.059775590896606445 1.0 1
1046 0.021625518798828125 1.0 1
1047 0.01803898811340332 1.0 1
1070 0.0207064151763916 1.0 1
1071 0.0792844295501709 1.0 1
1073 0.021307706832885742 1.0 1
1075 0.012262344360351562 1.0 1
1076 0.02099132537841797 1.0 1
1099 0.029560565948486328 1.0 1
1101 0.2903316020965576 1.0 1
1103 0.020778656005859375 1.0 1
1104 0.017517805099487305 1.0 1
1106 0.020597219467163086 1.0 1
1129 0.04100179672241211 1.0 1
1130 0.021421432495117188 1.0 1
1132 0.0835733413696289 1.0 1
1134 0.07880187034606934 1.0 1
1135 0.022397518157958984 1.0 1
1160 0.06217527389526367 1.0 1
1162 0.024006128311157227 1.0 1
1163 0.019402265548706055 1.0 1
1165 0.05656909942626953 1.0 1
1167 0.09404420852661133 1.0 1
1190 0.018947601318359375 1.0 1
1192 0.017286300659179688 1.0 1
1194 0.031646013259887695 1.0 1
1196 0.019625186920166016 1.0 1
1197 0.06778120994567871 1.0 1
1220 0.015520572662353516 1.0 1
1222 0.020693063735961914 1.0 1
1224 0.0838766098022461 1.0 1
1226 0.01728081703186035 1.0 1
1228 0.021316051483154297 1.0 1
1252 0.01851058006286621 1.0 1
1253 0.02036142349243164 1.0 1
1255 0.01598381996154785 1.0 1
1257 0.02035379409790039 1.0 1
1260 0.01987624168395996 1.0 1
1281 0.018216848373413086 1.0 1
1283 0.047933340072631836 1.0 1
1285 0.0213930606842041 1.0 1
1287 0.018703460693359375 1.0 1
1289 0.01845550537109375 1.0 1
1311 0.019921541213989258 1.0 1
1313 0.017950057983398438 1.0 1
1315 0.03519487380981445 1.0 1
1317 0.017710208892822266 1.0 1
1319 0.020773649215698242 1.0 1
1340 0.019087791442871094 1.0 1
1342 0.020301342010498047 1.0 1
1344 0.019721031188964844 1.0 1
1346 0.0193479061126709 1.0 1
1348 0.020093679428100586 1.0 1
1371 0.0495603084564209 1.0 1
1373 0.021717548370361328 1.0 1
1375 0.019852876663208008 1.0 1
1377 0.019731760025024414 1.0 1
1379 0.02697157859802246 1.0 1
1405 0.02032184600830078 1.0 1
1408 0.018388748168945312 1.0 1
1411 0.05581212043762207 1.0 1
1413 0.019827604293823242 1.0 1
1415 0.021843910217285156 1.0 1
1467 0.019070148468017578 1.0 1
1470 0.0198824405670166 1.0 1
1472 0.017947673797607422 1.0 1
1475 0.01915431022644043 1.0 1
1477 0.022617578506469727 1.0 1
1527 0.020938396453857422 1.0 1
1529 0.018292665481567383 1.0 1
1532 0.02061629295349121 1.0 1
1534 0.03803730010986328 1.0 1
1536 0.021075010299682617 1.0 1
1593 0.019255638122558594 1.0 1
1596 0.019700050354003906 1.0 1
1598 0.018230915069580078 1.0 1
1600 0.01763916015625 1.0 1
1603 0.020481348037719727 1.0 1
1650 0.020749568939208984 1.0 1
1653 0.017940998077392578 1.0 1
1655 0.01911020278930664 1.0 1
1657 0.03391885757446289 1.0 1
1660 0.0220644474029541 1.0 1
1711 0.020066022872924805 1.0 1
1715 0.022439241409301758 1.0 1
1719 0.02213263511657715 1.0 1
1721 0.0184023380279541 1.0 1
1723 0.01866626739501953 1.0 1
1773 0.019964933395385742 1.0 1
1774 0.03528141975402832 1.0 1
1778 0.019090890884399414 1.0 1
1782 0.01802659034729004 1.0 1
1784 0.09623503684997559 1.0 1
1825 0.038764238357543945 1.0 1
1827 0.020936965942382812 1.0 1
1830 0.018285274505615234 1.0 1
1832 0.019732952117919922 1.0 1
1834 0.019849777221679688 1.0 1
1881 0.019863605499267578 1.0 1
1884 0.05468869209289551 1.0 1
1885 0.020267486572265625 1.0 1
1887 0.019789695739746094 1.0 1
1889 0.04617810249328613 1.0 1
1912 0.031074047088623047 1.0 1
1914 0.0188901424407959 1.0 1
1916 0.021336793899536133 1.0 1
1917 0.04976367950439453 1.0 1
1919 0.022330045700073242 1.0 1
1938 0.08143305778503418 1.0 1
1940 0.09632086753845215 1.0 1
1942 0.03515625 1.0 1
1943 0.021246671676635742 1.0 1
1945 0.031193017959594727 1.0 1
1968 0.03356575965881348 1.0 1
1970 0.018587827682495117 1.0 1
1972 0.016573429107666016 1.0 1
1974 0.06031966209411621 1.0 1
1975 0.01828169822692871 1.0 1
1997 0.02018141746520996 1.0 1
1999 0.04065752029418945 1.0 1
2001 0.0201418399810791 1.0 1
2002 0.0708160400390625 1.0 1
2003 0.19020843505859375 1.0 1
2028 0.07249331474304199 1.0 1
2029 0.019031524658203125 1.0 1
2031 0.020777225494384766 1.0 1
2032 0.01957869529724121 1.0 1
2034 0.04124259948730469 1.0 1
2059 0.02652454376220703 1.0 1
2061 0.02916264533996582 1.0 1
2063 0.06194162368774414 1.0 1
2065 0.02062368392944336 1.0 1
2066 0.01937127113342285 1.0 1
2089 0.0316309928894043 1.0 1
2091 0.029834985733032227 1.0 1
2093 0.04099631309509277 1.0 1
2094 0.01745891571044922 1.0 1
2096 0.07792425155639648 1.0 1
2120 0.030649185180664062 1.0 1
2121 0.02153491973876953 1.0 1
2123 0.05877518653869629 1.0 1
2125 0.0187225341796875 1.0 1
2126 0.02628183364868164 1.0 1
2149 0.07306051254272461 1.0 1
2151 0.07116842269897461 1.0 1
2153 0.022249221801757812 1.0 1
2154 0.06568002700805664 1.0 1
2156 0.021160125732421875 1.0 1
2179 0.019591569900512695 1.0 1
2181 0.06291079521179199 1.0 1
2182 0.10614252090454102 1.0 1
2184 0.020963191986083984 1.0 1
2185 0.059569358825683594 1.0 1
2208 0.046466827392578125 1.0 1
2210 0.019875764846801758 1.0 1
2212 0.06700778007507324 1.0 1
2214 0.020029544830322266 1.0 1
2215 0.021256208419799805 1.0 1
2238 0.021319866180419922 1.0 1
2239 0.07617783546447754 1.0 1
2241 0.011143207550048828 1.0 1
2243 0.020794391632080078 1.0 1
2244 0.0620274543762207 1.0 1
2268 0.020612716674804688 1.0 1
2270 0.09470891952514648 1.0 1
2272 0.02002406120300293 1.0 1
2273 0.017984867095947266 1.0 1
2275 0.05078601837158203 1.0 1
2299 0.0793008804321289 1.0 1
2300 0.018413066864013672 1.0 1
2302 0.018947601318359375 1.0 1
2304 0.03607511520385742 1.0 1
2305 0.01796126365661621 1.0 1
2329 0.04102921485900879 1.0 1
2330 0.020409822463989258 1.0 1
2332 0.017936229705810547 1.0 1
2333 0.01913142204284668 1.0 1
2335 0.030237197875976562 1.0 1
2358 0.024059772491455078 1.0 1
2359 0.021135330200195312 1.0 1
2361 0.019789695739746094 1.0 1
2362 0.07812809944152832 1.0 1
2364 0.41081929206848145 1.0 1
2389 0.0176999568939209 1.0 1
2391 0.01910996437072754 1.0 1
2392 0.005280256271362305 1.0 1
2394 0.016978025436401367 1.0 1
2395 0.06580328941345215 1.0 1
2419 0.0216219425201416 1.0 1
2421 0.019174575805664062 1.0 1
2423 0.019209623336791992 1.0 1
2424 0.034613609313964844 1.0 1
2426 0.02012181282043457 1.0 1
2449 0.03393840789794922 1.0 1
2450 0.02169060707092285 1.0 1
2452 0.08360695838928223 1.0 1
2454 0.09052729606628418 1.0 1
2456 0.018733978271484375 1.0 1
2479 0.020212411880493164 1.0 1
2481 0.07192063331604004 1.0 1
2483 0.019885540008544922 1.0 1
2484 0.08763957023620605 1.0 1
2486 0.02005624771118164 1.0 1
2508 0.020092248916625977 1.0 1
2510 0.017096519470214844 1.0 1
2511 0.05225014686584473 1.0 1
2513 0.09801983833312988 1.0 1
2514 0.01954936981201172 1.0 1
2536 0.023204326629638672 1.0 1
2537 0.017375707626342773 1.0 1
2539 0.02063298225402832 1.0 1
2540 0.049515724182128906 1.0 1
2542 0.013717174530029297 1.0 1
2566 0.018058300018310547 1.0 1
2567 0.016903400421142578 1.0 1
2569 0.05631566047668457 1.0 1
2570 0.020547151565551758 1.0 1
2572 0.013678789138793945 1.0 1
2596 0.019205331802368164 1.0 1
2597 0.039232730865478516 1.0 1
2598 0.0191497802734375 1.0 1
2600 0.06575703620910645 1.0 1
2601 0.09508681297302246 1.0 1
2625 0.060610294342041016 1.0 1
2627 0.019402027130126953 1.0 1
2628 0.020363330841064453 1.0 1
2629 0.04052567481994629 1.0 1
2631 0.021562814712524414 1.0 1
2658 0.018585920333862305 1.0 1
2659 0.06321477890014648 1.0 1
2661 0.019368410110473633 1.0 1
2662 0.01855778694152832 1.0 1
2664 0.042726755142211914 1.0 1
2688 0.03749442100524902 1.0 1
2689 0.01971888542175293 1.0 1
2691 0.07755494117736816 1.0 1
2692 0.015287160873413086 1.0 1
2694 0.07141852378845215 1.0 1
2718 0.019737958908081055 1.0 1
2720 0.06714010238647461 1.0 1
2722 0.01679372787475586 1.0 1
2723 0.018964052200317383 1.0 1
2725 0.055788516998291016 1.0 1
2749 0.019702434539794922 1.0 1
2750 0.01729559898376465 1.0 1
2752 0.01780533790588379 1.0 1
2753 0.053811073303222656 1.0 1
2755 0.02005910873413086 1.0 1
2780 0.03384137153625488 1.0 1
2782 0.019258975982666016 1.0 1
2784 0.021617412567138672 1.0 1
2785 0.01686382293701172 1.0 1
2787 0.021028995513916016 1.0 1
2810 0.02015089988708496 1.0 1
2812 0.019208431243896484 1.0 1
2813 0.035888671875 1.0 1
2815 0.019812822341918945 1.0 1
2817 0.02003192901611328 1.0 1
2842 0.024570465087890625 1.0 1
2844 0.020127058029174805 1.0 1
2846 0.021044015884399414 1.0 1
2848 0.017552852630615234 1.0 1
2850 0.02116537094116211 1.0 1
2872 0.020592927932739258 1.0 1
2874 0.020838260650634766 1.0 1
2876 0.03751325607299805 1.0 1
2877 0.019870996475219727 1.0 1
2879 0.03466200828552246 1.0 1
2903 0.017595529556274414 1.0 1
2905 0.019066572189331055 1.0 1
2907 0.02187180519104004 1.0 1
2909 0.022455215454101562 1.0 1
2911 0.02196526527404785 1.0 1
2935 0.030434846878051758 1.0 1
2937 0.021323204040527344 1.0 1
2940 0.020783424377441406 1.0 1
2942 0.01407766342163086 1.0 1
2945 0.018463134765625 1.0 1
3000 0.0189208984375 1.0 1
3003 0.018615007400512695 1.0 1
3005 0.024822235107421875 1.0 1
3008 0.020664691925048828 1.0 1
3010 0.0198361873626709 1.0 1
3057 0.019788026809692383 1.0 1
3059 0.017791748046875 1.0 1
3062 0.020839929580688477 1.0 1
3064 0.018930435180664062 1.0 1
3067 0.021112442016601562 1.0 1
3124 0.018726348876953125 1.0 1
3126 0.01846146583557129 1.0 1
3128 0.019658803939819336 1.0 1
3132 0.0207216739654541 1.0 1
3134 0.02028822898864746 1.0 1
3178 0.021509885787963867 1.0 1
3182 0.02131032943725586 1.0 1
3185 0.020051956176757812 1.0 1
3188 0.01895284652709961 1.0 1
3191 0.020162105560302734 1.0 1
3242 0.019082069396972656 1.0 1
3244 0.03688764572143555 1.0 1
3246 0.10136771202087402 1.0 1
3249 0.01910996437072754 1.0 1
3252 0.052510976791381836 1.0 1
3297 0.028065919876098633 1.0 1
3300 0.020195960998535156 1.0 1
3302 0.018748998641967773 1.0 1
3304 0.05405378341674805 1.0 1
3305 0.017984867095947266 1.0 1
3351 0.021862268447875977 1.0 1
3353 0.019017457962036133 1.0 1
3355 0.020600318908691406 1.0 1
3357 0.02025771141052246 1.0 1
3358 0.02106308937072754 1.0 1
3378 0.018308162689208984 1.0 1
3379 0.07645797729492188 1.0 1
3381 0.02016139030456543 1.0 1
3382 0.020855188369750977 1.0 1
3384 0.04925847053527832 1.0 1
3407 0.08587479591369629 1.0 1
3409 0.019952774047851562 1.0 1
3410 0.05411934852600098 1.0 1
3412 0.09865140914916992 1.0 1
3413 0.016769886016845703 1.0 1
3436 0.019048213958740234 1.0 1
3437 0.046128273010253906 1.0 1
3439 0.08946347236633301 1.0 1
3440 0.02113962173461914 1.0 1
3442 0.016153573989868164 1.0 1
3466 0.02097320556640625 1.0 1
3468 0.07267403602600098 1.0 1
3469 0.019057273864746094 1.0 1
3471 0.07835555076599121 1.0 1
3473 0.01984882354736328 1.0 1
3498 0.014662981033325195 1.0 1
3499 0.09255671501159668 1.0 1
3501 0.02119159698486328 1.0 1
3502 0.02010512351989746 1.0 1
3504 0.0476686954498291 1.0 1
3528 0.08427906036376953 1.0 1
3529 0.01695394515991211 1.0 1
3531 0.08412051200866699 1.0 1
3532 0.01701641082763672 1.0 1
3534 0.16043567657470703 1.0 1
3559 0.02130603790283203 1.0 1
3561 0.055789947509765625 1.0 1
3562 0.019459962844848633 1.0 1
3564 0.01801013946533203 1.0 1
3565 0.057109832763671875 1.0 1
3588 0.029550790786743164 1.0 1
3590 0.06783151626586914 1.0 1
3591 0.0190279483795166 1.0 1
3593 0.07570552825927734 1.0 1
3594 0.022942066192626953 1.0 1
3601 0.07209920883178711 1.0 1
3601 0.04807639122009277 1.0 1
3601 0.04273223876953125 1.0 1
3601 0.05835270881652832 1.0 1
3601 0.05325675010681152 1.0 1
3601 0.0431971549987793 1.0 1
3601 0.0380101203918457 1.0 1
3601 0.043047428131103516 1.0 1
3601 0.03804183006286621 1.0 1
3601 0.04810762405395508 1.0 1
17 0.018442392349243164 1.0 1
18 0.0191800594329834 1.0 1
20 0.018520593643188477 1.0 1
22 0.021106481552124023 1.0 1
23 0.15497899055480957 1.0 1
48 0.017171144485473633 1.0 1
50 0.030349016189575195 1.0 1
51 0.020035505294799805 1.0 1
53 0.018175840377807617 1.0 1
54 0.020247936248779297 1.0 1
74 0.08750391006469727 1.0 1
75 0.02179884910583496 1.0 1
77 0.07759618759155273 1.0 1
78 0.018661975860595703 1.0 1
79 0.018283605575561523 1.0 1
104 0.017815589904785156 1.0 1
105 0.06714940071105957 1.0 1
106 0.020621538162231445 1.0 1
107 0.020259857177734375 1.0 1
109 0.05134773254394531 1.0 1
135 0.08949589729309082 1.0 1
136 0.10050630569458008 1.0 1
137 0.022472620010375977 1.0 1
138 0.01683497428894043 1.0 1
140 0.017562150955200195 1.0 1
165 0.07898831367492676 1.0 1
166 0.022864818572998047 1.0 1
168 0.06458663940429688 1.0 1
169 0.022023677825927734 1.0 1
170 0.01990985870361328 1.0 1
196 0.023184537887573242 1.0 1
197 0.07830429077148438 1.0 1
199 0.018563270568847656 1.0 1
200 0.09114837646484375 1.0 1
201 0.0808112621307373 1.0 1
226 0.12854886054992676 1.0 1
228 0.10652279853820801 1.0 1
229 0.0174715518951416 1.0 1
230 0.018392324447631836 1.0 1
232 0.019117355346679688 1.0 1
259 0.021562814712524414 1.0 1
260 0.05215096473693848 1.0 1
262 0.022382020950317383 1.0 1
264 0.0719761848449707 1.0 1
265 0.02126288414001465 1.0 1
289 0.06541037559509277 1.0 1
290 0.019977807998657227 1.0 1
292 0.01727294921875 1.0 1
293 0.0186309814453125 1.0 1
295 0.03081369400024414 1.0 1
326 0.018160581588745117 1.0 1
328 0.02846074104309082 1.0 1
330 0.02088189125061035 1.0 1
332 0.02085566520690918 1.0 1
335 0.021107912063598633 1.0 1
386 0.01721644401550293 1.0 1
388 0.044679880142211914 1.0 1
391 0.016362667083740234 1.0 1
393 0.01985764503479004 1.0 1
396 0.02088332176208496 1.0 1
448 0.06942009925842285 1.0 1
451 0.01795339584350586 1.0 1
453 0.021074771881103516 1.0 1
456 0.021541357040405273 1.0 1
458 0.021349191665649414 1.0 1
507 0.019939422607421875 1.0 1
509 0.019506216049194336 1.0 1
511 0.020913362503051758 1.0 1
515 0.025240421295166016 1.0 1
518 0.019019365310668945 1.0 1
565 0.021608591079711914 1.0 1
568 0.02002096176147461 1.0 1
571 0.019466161727905273 1.0 1
574 0.01981520652770996 1.0 1
577 0.021166086196899414 1.0 1
625 0.021401643753051758 1.0 1
627 0.021098613739013672 1.0 1
629 0.020501136779785156 1.0 1
632 0.023329496383666992 1.0 1
634 0.020893335342407227 1.0 1
682 0.024106740951538086 1.0 1
684 0.018912553787231445 1.0 1
687 0.021380901336669922 1.0 1
689 0.02045297622680664 1.0 1
691 0.020657062530517578 1.0 1
714 0.020862340927124023 1.0 1
716 0.053208351135253906 1.0 1
717 0.020319700241088867 1.0 1
719 0.021147966384887695 1.0 1
721 0.0213775634765625 1.0 1
741 0.012181758880615234 1.0 1
743 0.020435094833374023 1.0 1
745 0.03714299201965332 1.0 1
746 0.0204317569732666 1.0 1
748 0.020882368087768555 1.0 1
770 0.06343364715576172 1.0 1
772 0.01824045181274414 1.0 1
774 0.08008027076721191 1.0 1
775 0.01744675636291504 1.0 1
777 0.06721043586730957 1.0 1
799 0.02146315574645996 1.0 1
801 0.0194242000579834 1.0 1
803 0.02103567123413086 1.0 1
804 0.04282665252685547 1.0 1
806 0.018082618713378906 1.0 1
829 0.02081894874572754 1.0 1
831 0.02354264259338379 1.0 1
833 0.023840665817260742 1.0 1
834 0.06300044059753418 1.0 1
836 0.022362470626831055 1.0 1
860 0.02001500129699707 1.0 1
861 0.020520448684692383 1.0 1
863 0.05530595779418945 1.0 1
865 0.02138996124267578 1.0 1
866 0.018550872802734375 1.0 1
889 0.023528337478637695 1.0 1
891 0.0201568603515625 1.0 1
892 0.06503176689147949 1.0 1
894 0.09386157989501953 1.0 1
896 0.01838088035583496 1.0 1
919 0.024122953414916992 1.0 1
921 0.021347522735595703 1.0 1
923 0.02174234390258789 1.0 1
924 0.10689687728881836 1.0 1
926 0.028455257415771484 1.0 1
949 0.018808364868164062 1.0 1
951 0.05201292037963867 1.0 1
952 0.017450809478759766 1.0 1
954 0.019913911819458008 1.0 1
956 0.01730942726135254 1.0 1
980 0.05008721351623535 1.0 1
981 0.01756906509399414 1.0 1
983 0.06243896484375 1.0 1
985 0.01916027069091797 1.0 1
986 0.07045221328735352 1.0 1
1009 0.01844930648803711 1.0 1
1011 0.01930546760559082 1.0 1
1013 0.022711992263793945 1.0 1
1014 0.019945383071899414 1.0 1
1016 0.023016691207885742 1.0 1
1040 0.01969122886657715 1.0 1
1042 0.022163867950439453 1.0 1
1044 0.018566370010375977 1.0 1
1045 0.018549203872680664 1.0 1
1047 0.02805948257446289 1.0 1
1070 0.021358966827392578 1.0 1
1072 0.023184776306152344 1.0 1
1074 0.09680676460266113 1.0 1
1075 0.0794064998626709 1.0 1
1077 0.01572728157043457 1.0 1
1098 0.021378517150878906 1.0 1
1100 0.01868414878845215 1.0 1
1101 0.027921676635742188 1.0 1
1103 0.01755070686340332 1.0 1
1104 0.023847341537475586 1.0 1
1128 0.019109249114990234 1.0 1
1130 0.020418167114257812 1.0 1
1132 0.1490340232849121 1.0 1
1133 0.09106135368347168 1.0 1
1135 0.018485307693481445 1.0 1
1160 0.05549955368041992 1.0 1
1162 0.07242488861083984 1.0 1
1163 0.01884174346923828 1.0 1
1165 0.018184423446655273 1.0 1
1167 0.06300115585327148 1.0 1
1190 0.019385099411010742 1.0 1
1191 0.019845962524414062 1.0 1
1193 0.0466160774230957 1.0 1
1195 0.01864004135131836 1.0 1
1197 0.017386436462402344 1.0 1
1223 0.06962203979492188 1.0 1
1225 0.02294158935546875 1.0 1
1227 0.019498348236083984 1.0 1
1229 0.020498991012573242 1.0 1
1231 0.1131887435913086 1.0 1
1252 0.018858909606933594 1.0 1
1253 0.019822359085083008 1.0 1
1255 0.02338862419128418 1.0 1
1257 0.019094228744506836 1.0 1
1259 0.011291265487670898 1.0 1
1281 0.020510435104370117 1.0 1
1283 0.023358821868896484 1.0 1
1284 0.020557641983032227 1.0 1
1286 0.04959368705749512 1.0 1
1288 0.016789674758911133 1.0 1
1311 0.022457361221313477 1.0 1
1313 0.0224153995513916 1.0 1
1315 0.0596308708190918 1.0 1
1317 0.02019977569580078 1.0 1
1319 0.021038293838500977 1.0 1
1341 0.028522968292236328 1.0 1
1343 0.05621051788330078 1.0 1
1344 0.01818084716796875 1.0 1
1346 0.08019852638244629 1.0 1
1348 0.024790048599243164 1.0 1
1371 0.022390365600585938 1.0 1
1373 0.08571958541870117 1.0 1
1375 0.019517183303833008 1.0 1
1377 0.0750725269317627 1.0 1
1379 0.015567541122436523 1.0 1
1404 0.020718097686767578 1.0 1
1406 0.021140336990356445 1.0 1
1409 0.019044160842895508 1.0 1
1411 0.01999068260192871 1.0 1
1413 0.020578861236572266 1.0 1
1464 0.037104129791259766 1.0 1
1467 0.018892288208007812 1.0 1
1469 0.012742996215820312 1.0 1
1471 0.020512819290161133 1.0 1
1474 0.02024102210998535 1.0 1
1529 0.020035505294799805 1.0 1
1531 0.02109503746032715 1.0 1
1534 0.02143383026123047 1.0 1
1536 0.07961344718933105 1.0 1
1538 0.03797173500061035 1.0 1
1588 0.022626638412475586 1.0 1
1590 0.01935410499572754 1.0 1
1593 0.03970742225646973 1.0 1
1595 0.02095174789428711 1.0 1
1598 0.020545005798339844 1.0 1
1652 0.020731210708618164 1.0 1
1656 0.020440340042114258 1.0 1
1659 0.020097732543945312 1.0 1
1662 0.018374204635620117 1.0 1
1665 0.0180814266204834 1.0 1
1712 0.020786523818969727 1.0 1
1715 0.02204418182373047 1.0 1
1720 0.020745277404785156 1.0 1
1722 0.018623828887939453 1.0 1
1724 0.02298569679260254 1.0 1
1764 0.0192258358001709 1.0 1
1766 0.02286505699157715 1.0 1
1769 0.019016742706298828 1.0 1
1770 0.047998666763305664 1.0 1
1773 0.019521236419677734 1.0 1
1823 0.01863265037536621 1.0 1
1826 0.020414352416992188 1.0 1
1828 0.022340059280395508 1.0 1
1830 0.02335643768310547 1.0 1
1832 0.022452354431152344 1.0 1
1881 0.04542660713195801 1.0 1
1883 0.019474267959594727 1.0 1
1885 0.01880931854248047 1.0 1
1886 0.021012306213378906 1.0 1
1888 0.022942304611206055 1.0 1
1912 0.01994609832763672 1.0 1
1914 0.02048778533935547 1.0 1
1916 0.02041316032409668 1.0 1
1918 0.08106613159179688 1.0 1
1920 0.020133018493652344 1.0 1
1938 0.01830887794494629 1.0 1
1940 0.021520137786865234 1.0 1
1941 0.0192105770111084 1.0 1
1943 0.04525566101074219 1.0 1
1945 0.03797793388366699 1.0 1
1968 0.019172191619873047 1.0 1
1970 0.07524633407592773 1.0 1
1972 0.0210723876953125 1.0 1
1974 0.08214879035949707 1.0 1
1975 0.018134117126464844 1.0 1
1998 0.0491786003112793 1.0 1
1999 0.02040863037109375 1.0 1
2001 0.01968240737915039 1.0 1
2002 0.0215914249420166 1.0 1
2004 0.03338027000427246 1.0 1
2027 0.01844477653503418 1.0 1
2029 0.06914162635803223 1.0 1
2031 0.019577503204345703 1.0 1
2032 0.019743919372558594 1.0 1
2034 0.01989889144897461 1.0 1
2059 0.0196077823638916 1.0 1
2061 0.01856708526611328 1.0 1
2063 0.019096851348876953 1.0 1
2064 0.021326780319213867 1.0 1
2066 0.025494813919067383 1.0 1
2089 0.019428730010986328 1.0 1
2091 0.032943010330200195 1.0 1
2092 0.0167543888092041 1.0 1
2094 0.019466161727905273 1.0 1
2095 0.04039430618286133 1.0 1
2120 0.0632181167602539 1.0 1
2121 0.019837617874145508 1.0 1
2123 0.08192968368530273 1.0 1
2125 0.10323953628540039 1.0 1
2126 0.08941078186035156 1.0 1
2149 0.019726276397705078 1.0 1
2151 0.041619062423706055 1.0 1
2153 0.017290115356445312 1.0 1
2155 0.02147841453552246 1.0 1
2157 0.05690264701843262 1.0 1
2179 0.019574642181396484 1.0 1
2180 0.01963210105895996 1.0 1
2182 0.018190383911132812 1.0 1
2183 0.01685333251953125 1.0 1
2185 0.018088340759277344 1.0 1
2209 0.14872479438781738 1.0 1
2211 0.02181529998779297 1.0 1
2212 0.06791210174560547 1.0 1
2214 0.024362564086914062 1.0 1
2216 0.019666194915771484 1.0 1
2238 0.020740747451782227 1.0 1
2240 0.014903545379638672 1.0 1
2241 0.021799802780151367 1.0 1
2243 0.021402359008789062 1.0 1
2245 0.024877071380615234 1.0 1
2269 0.019954204559326172 1.0 1
2271 0.017932891845703125 1.0 1
2272 0.0649113655090332 1.0 1
2274 0.019024372100830078 1.0 1
2276 0.02285599708557129 1.0 1
2299 0.020957231521606445 1.0 1
2300 0.018771886825561523 1.0 1
2302 0.0247652530670166 1.0 1
2304 0.019374370574951172 1.0 1
2305 0.019320964813232422 1.0 1
2329 0.026239633560180664 1.0 1
2331 0.022705078125 1.0 1
2332 0.019748926162719727 1.0 1
2333 0.02011251449584961 1.0 1
2335 0.024030447006225586 1.0 1
2359 0.04346323013305664 1.0 1
2360 0.019805192947387695 1.0 1
2362 0.1690812110900879 1.0 1
2364 0.021090030670166016 1.0 1
2365 0.07348442077636719 1.0 1
2388 0.03277468681335449 1.0 1
2389 0.0626685619354248 1.0 1
2391 0.09589028358459473 1.0 1
2393 0.019994497299194336 1.0 1
2394 0.02004218101501465 1.0 1
2419 0.022213459014892578 1.0 1
2421 0.05422616004943848 1.0 1
2422 0.02092266082763672 1.0 1
2424 0.06551456451416016 1.0 1
2426 0.017788410186767578 1.0 1
2449 0.024858951568603516 1.0 1
2451 0.01765131950378418 1.0 1
2453 0.018087148666381836 1.0 1
2454 0.044309377670288086 1.0 1
2456 0.01929783821105957 1.0 1
2478 0.01996016502380371 1.0 1
2480 0.06155705451965332 1.0 1
2481 0.018625736236572266 1.0 1
2483 0.01958489418029785 1.0 1
2485 0.020717144012451172 1.0 1
2509 0.03507423400878906 1.0 1
2511 0.019164562225341797 1.0 1
2512 0.07132720947265625 1.0 1
2514 0.018988370895385742 1.0 1
2515 0.07474732398986816 1.0 1
2536 0.023080110549926758 1.0 1
2537 0.09222245216369629 1.0 1
2538 0.09065723419189453 1.0 1
2540 0.019274234771728516 1.0 1
2541 0.08396220207214355 1.0 1
2566 0.03218960762023926 1.0 1
2567 0.02081751823425293 1.0 1
2569 0.022510051727294922 1.0 1
2570 0.03924369812011719 1.0 1
2571 0.018918752670288086 1.0 1
2595 0.018075942993164062 1.0 1
2597 0.021599292755126953 1.0 1
2598 0.04644274711608887 1.0 1
2600 0.018796920776367188 1.0 1
2601 0.025592803955078125 1.0 1
2626 0.0695044994354248 1.0 1
2627 0.01745319366455078 1.0 1
2628 0.07536625862121582 1.0 1
2630 0.08292698860168457 1.0 1
2631 0.01991415023803711 1.0 1
2657 0.022214651107788086 1.0 1
2659 0.0208742618560791 1.0 1
2661 0.05697917938232422 1.0 1
2662 0.01623702049255371 1.0 1
2663 0.017619609832763672 1.0 1
2688 0.021723270416259766 1.0 1
2690 0.019625186920166016 1.0 1
2691 0.020550966262817383 1.0 1
2693 0.030612945556640625 1.0 1
2694 0.09773612022399902 1.0 1
2720 0.019998788833618164 1.0 1
2721 0.021630048751831055 1.0 1
2723 0.03922748565673828 1.0 1
2725 0.10004425048828125 1.0 1
2726 0.01848888397216797 1.0 1
2748 0.03789186477661133 1.0 1
2750 0.08488059043884277 1.0 1
2751 0.018999338150024414 1.0 1
2753 0.01957988739013672 1.0 1
2755 0.05551743507385254 1.0 1
2780 0.019991159439086914 1.0 1
2782 0.019594669342041016 1.0 1
2784 0.01896977424621582 1.0 1
2785 0.037450551986694336 1.0 1
2787 0.019972801208496094 1.0 1
2810 0.03595852851867676 1.0 1
2811 0.022044897079467773 1.0 1
2813 0.01784229278564453 1.0 1
2815 0.020328760147094727 1.0 1
2816 0.019681930541992188 1.0 1
2842 0.01856207847595215 1.0 1
2844 0.021245479583740234 1.0 1
2846 0.038839101791381836 1.0 1
2848 0.02931380271911621 1.0 1
2850 0.020517349243164062 1.0 1
2872 0.08724641799926758 1.0 1
2874 0.02225351333618164 1.0 1
2875 0.03169608116149902 1.0 1
2877 0.021921873092651367 1.0 1
2879 0.021114826202392578 1.0 1
2904 0.03728771209716797 1.0 1
2906 0.020359516143798828 1.0 1
2908 0.018418073654174805 1.0 1
2911 0.019356727600097656 1.0 1
2913 0.022400379180908203 1.0 1
2968 0.019203662872314453 1.0 1
2971 0.019741296768188477 1.0 1
2972 0.02183842658996582 1.0 1
2975 0.018651485443115234 1.0 1
2978 0.02277994155883789 1.0 1
3030 0.020303964614868164 1.0 1
3034 0.07856440544128418 1.0 1
3036 0.019601106643676758 1.0 1
3038 0.020045757293701172 1.0 1
3041 0.01769542694091797 1.0 1
3093 0.021502256393432617 1.0 1
3095 0.0205535888671875 1.0 1
3098 0.02185344696044922 1.0 1
3100 0.02126598358154297 1.0 1
3103 0.018589496612548828 1.0 1
3146 0.02138376235961914 1.0 1
3148 0.02226710319519043 1.0 1
3152 0.023571014404296875 1.0 1
3154 0.02259373664855957 1.0 1
3156 0.01881885528564453 1.0 1
3210 0.02025890350341797 1.0 1
3213 0.01899576187133789 1.0 1
3215 0.019053220748901367 1.0 1
3217 0.021517038345336914 1.0 1
3220 0.018065929412841797 1.0 1
3267 0.018678903579711914 1.0 1
3269 0.053991079330444336 1.0 1
3272 0.08311581611633301 1.0 1
3274 0.020319461822509766 1.0 1
3277 0.02059793472290039 1.0 1
3320 0.02424454689025879 1.0 1
3322 0.020055294036865234 1.0 1
3324 0.05972933769226074 1.0 1
3326 0.020853757858276367 1.0 1
3328 0.018432140350341797 1.0 1
3351 0.029141664505004883 1.0 1
3353 0.018170833587646484 1.0 1
3354 0.017530441284179688 1.0 1
3356 0.061025142669677734 1.0 1
3358 0.08910036087036133 1.0 1
3377 0.043138980865478516 1.0 1
3379 0.017460346221923828 1.0 1
3380 0.07274913787841797 1.0 1
3382 0.02150869369506836 1.0 1
3383 0.020601272583007812 1.0 1
3408 0.05811452865600586 1.0 1
3409 0.017743825912475586 1.0 1
3411 0.08200716972351074 1.0 1
3412 0.012170791625976562 1.0 1
3414 0.07974791526794434 1.0 1
3436 0.020668745040893555 1.0 1
3438 0.047605276107788086 1.0 1
3439 0.01929473876953125 1.0 1
3440 0.08058309555053711 1.0 1
3442 0.09160637855529785 1.0 1
3466 0.02107524871826172 1.0 1
3467 0.0173032283782959 1.0 1
3469 0.06605815887451172 1.0 1
3470 0.01575160026550293 1.0 1
3472 0.021251916885375977 1.0 1
3498 0.019491910934448242 1.0 1
3500 0.02062535285949707 1.0 1
3501 0.019298315048217773 1.0 1
3503 0.02048182487487793 1.0 1
3504 0.05736899375915527 1.0 1
3527 0.018002033233642578 1.0 1
3529 0.06754612922668457 1.0 1
3531 0.08871340751647949 1.0 1
3532 0.019332408905029297 1.0 1
3534 0.021443605422973633 1.0 1
3558 0.0377802848815918 1.0 1
3560 0.01851511001586914 1.0 1
3561 0.0632624626159668 1.0 1
3563 0.021100997924804688 1.0 1
3565 0.0731496810913086 1.0 1
3588 0.02283954620361328 1.0 1
3589 0.06913304328918457 1.0 1
3591 0.018612146377563477 1.0 1
3593 0.02245306968688965 1.0 1
3594 0.06501460075378418 1.0 1
3601 0.07317829132080078 1.0 1
3601 0.05303454399108887 1.0 1
3601 0.05820345878601074 1.0 1
3601 0.05808830261230469 1.0 1
3601 0.0529632568359375 1.0 1
3601 0.038002729415893555 1.0 1
3601 0.0481410026550293 1.0 1
3601 0.04278159141540527 1.0 1
3601 0.04306316375732422 1.0 1
3601 0.037750959396362305 1.0 1
18 0.0164794921875 1.0 1
19 0.01697516441345215 1.0 1
21 0.04616045951843262 1.0 1
23 0.08917665481567383 1.0 1
24 0.021237850189208984 1.0 1
48 0.022669315338134766 1.0 1
50 0.025629758834838867 1.0 1
52 0.020090818405151367 1.0 1
53 0.062188148498535156 1.0 1
54 0.02155447006225586 1.0 1
74 0.04937291145324707 1.0 1
75 0.020144224166870117 1.0 1
76 0.15613150596618652 1.0 1
77 0.10900115966796875 1.0 1
79 0.02041029930114746 1.0 1
104 0.019514799118041992 1.0 1
105 0.04278731346130371 1.0 1
106 0.020626068115234375 1.0 1
108 0.09199357032775879 1.0 1
109 0.07918882369995117 1.0 1
134 0.017755746841430664 1.0 1
136 0.021238327026367188 1.0 1
137 0.18801379203796387 1.0 1
138 0.01750016212463379 1.0 1
139 0.08195662498474121 1.0 1
165 0.0504765510559082 1.0 1
166 0.09040045738220215 1.0 1
167 0.08554196357727051 1.0 1
169 0.18691349029541016 1.0 1
170 0.019057035446166992 1.0 1
197 0.019949913024902344 1.0 1
198 0.020255327224731445 1.0 1
200 0.09378290176391602 1.0 1
201 0.014225482940673828 1.0 1
203 0.07764935493469238 1.0 1
226 0.021291494369506836 1.0 1
227 0.07245421409606934 1.0 1
229 0.08892560005187988 1.0 1
230 0.018122434616088867 1.0 1
232 0.09188389778137207 1.0 1
259 0.155242919921875 1.0 1
261 0.01996445655822754 1.0 1
263 0.019425153732299805 1.0 1
265 0.021370887756347656 1.0 1
266 0.021680593490600586 1.0 1
288 0.03757643699645996 1.0 1
290 0.07044529914855957 1.0 1
292 0.019126415252685547 1.0 1
294 0.0635530948638916 1.0 1
295 0.10490202903747559 1.0 1
324 0.02203202247619629 1.0 1
326 0.01887202262878418 1.0 1
328 0.021091699600219727 1.0 1
330 0.020391225814819336 1.0 1
333 0.10476899147033691 1.0 1
386 0.017653226852416992 1.0 1
388 0.02171802520751953 1.0 1
390 0.019768238067626953 1.0 1
393 0.04409360885620117 1.0 1
395 0.020403623580932617 1.0 1
448 0.04615068435668945 1.0 1
450 0.01985621452331543 1.0 1
452 0.022886991500854492 1.0 1
455 0.019696474075317383 1.0 1
458 0.021181344985961914 1.0 1
507 0.018448352813720703 1.0 1
509 0.018206357955932617 1.0 1
512 0.021953821182250977 1.0 1
515 0.019323348999023438 1.0 1
518 0.020369291305541992 1.0 1
567 0.018919706344604492 1.0 1
569 0.020220279693603516 1.0 1
571 0.11814761161804199 1.0 1
573 0.022144317626953125 1.0 1
576 0.020383358001708984 1.0 1
625 0.0303037166595459 1.0 1
628 0.016801118850708008 1.0 1
631 0.017630577087402344 1.0 1
633 0.018042802810668945 1.0 1
635 0.021129131317138672 1.0 1
682 0.021449565887451172 1.0 1
684 0.02126598358154297 1.0 1
687 0.02015066146850586 1.0 1
688 0.021270036697387695 1.0 1
691 0.0370485782623291 1.0 1
713 0.2531242370605469 1.0 1
714 0.0207674503326416 1.0 1
716 0.02044987678527832 1.0 1
718 0.01938152313232422 1.0 1
720 0.025793790817260742 1.0 1
740 0.01241755485534668 1.0 1
741 0.02109503746032715 1.0 1
743 0.15937280654907227 1.0 1
745 0.019284725189208984 1.0 1
747 0.019705533981323242 1.0 1
770 0.020856142044067383 1.0 1
772 0.03125286102294922 1.0 1
773 0.020360946655273438 1.0 1
775 0.02111649513244629 1.0 1
777 0.02055525779724121 1.0 1
798 0.035463571548461914 1.0 1
800 0.09380650520324707 1.0 1
802 0.08620548248291016 1.0 1
804 0.02465343475341797 1.0 1
805 0.014749526977539062 1.0 1
830 0.06140875816345215 1.0 1
831 0.019202709197998047 1.0 1
833 0.019620895385742188 1.0 1
835 0.04446005821228027 1.0 1
837 0.019002437591552734 1.0 1
858 0.020757675170898438 1.0 1
860 0.09679245948791504 1.0 1
862 0.08695149421691895 1.0 1
863 0.38735508918762207 1.0 1
865 0.019329547882080078 1.0 1
889 0.02167510986328125 1.0 1
890 0.03312945365905762 1.0 1
892 0.02017498016357422 1.0 1
893 0.061476707458496094 1.0 1
895 0.02034783363342285 1.0 1
919 0.019455671310424805 1.0 1
920 0.022825956344604492 1.0 1
922 0.025595903396606445 1.0 1
924 0.08300185203552246 1.0 1
925 0.0882880687713623 1.0 1
949 0.02270984649658203 1.0 1
950 0.19705891609191895 1.0 1
952 0.023229598999023438 1.0 1
954 0.020773649215698242 1.0 1
956 0.02128124237060547 1.0 1
979 0.02005743980407715 1.0 1
981 0.024474620819091797 1.0 1
983 0.06700396537780762 1.0 1
985 0.02198314666748047 1.0 1
986 0.020130395889282227 1.0 1
1010 0.020137786865234375 1.0 1
1011 0.021465063095092773 1.0 1
1013 0.030432462692260742 1.0 1
1015 0.017191171646118164 1.0 1
1016 0.01939249038696289 1.0 1
1040 0.019589900970458984 1.0 1
1042 0.022255420684814453 1.0 1
1044 0.02008509635925293 1.0 1
1046 0.056151628494262695 1.0 1
1048 0.024565458297729492 1.0 1
1070 0.022680997848510742 1.0 1
1072 0.019410133361816406 1.0 1
1073 0.022116899490356445 1.0 1
1075 0.05048370361328125 1.0 1
1076 0.039730072021484375 1.0 1
1098 0.019719600677490234 1.0 1
1099 0.2894167900085449 1.0 1
1101 0.02097487449645996 1.0 1
1103 0.08124399185180664 1.0 1
1104 0.08330321311950684 1.0 1
1128 0.022945642471313477 1.0 1
1130 0.019173860549926758 1.0 1
1132 0.05949711799621582 1.0 1
1133 0.0192568302154541 1.0 1
1135 0.020647048950195312 1.0 1
1159 0.08741044998168945 1.0 1
1160 0.019536972045898438 1.0 1
1162 0.07803869247436523 1.0 1
1164 0.1068568229675293 1.0 1
1165 0.020011186599731445 1.0 1
1189 0.020909786224365234 1.0 1
1191 0.08351755142211914 1.0 1
1193 0.017538070678710938 1.0 1
1194 0.017001867294311523 1.0 1
1196 0.01538991928100586 1.0 1
1222 0.017473459243774414 1.0 1
1224 0.047289133071899414 1.0 1
1226 0.024029016494750977 1.0 1
1228 0.02182149887084961 1.0 1
1230 0.03446555137634277 1.0 1
1250 0.147050142288208 1.0 1
1252 0.018497228622436523 1.0 1
1254 0.018103599548339844 1.0 1
1256 0.02122783660888672 1.0 1
1258 0.038190603256225586 1.0 1
1281 0.021112680435180664 1.0 1
1282 0.05950284004211426 1.0 1
1284 0.028006553649902344 1.0 1
1286 0.06435608863830566 1.0 1
1288 0.09956598281860352 1.0 1
1311 0.021107196807861328 1.0 1
1314 0.020253658294677734 1.0 1
1316 0.04830789566040039 1.0 1
1318 0.02170252799987793 1.0 1
1320 0.020696640014648438 1.0 1
1341 0.020693302154541016 1.0 1
1343 0.022550582885742188 1.0 1
1345 0.09078097343444824 1.0 1
1347 0.01920604705810547 1.0 1
1348 0.02001953125 1.0 1
1371 0.018951892852783203 1.0 1
1373 0.02005600929260254 1.0 1
1375 0.02042531967163086 1.0 1
1376 0.41057634353637695 1.0 1
1379 0.08140444755554199 1.0 1
1404 0.021193504333496094 1.0 1
1406 0.021961688995361328 1.0 1
1408 0.014515161514282227 1.0 1
1411 0.022966861724853516 1.0 1
1413 0.02086806297302246 1.0 1
1467 0.01832413673400879 1.0 1
1469 0.02037811279296875 1.0 1
1472 0.02405691146850586 1.0 1
1474 0.01952528953552246 1.0 1
1476 0.03378009796142578 1.0 1
1531 0.01867985725402832 1.0 1
1534 0.021136045455932617 1.0 1
1536 0.02044820785522461 1.0 1
1538 0.019689083099365234 1.0 1
1540 0.020834922790527344 1.0 1
1590 0.021656274795532227 1.0 1
1592 0.02044391632080078 1.0 1
1595 0.02063608169555664 1.0 1
1598 0.017696142196655273 1.0 1
1600 0.0226590633392334 1.0 1
1656 0.019878387451171875 1.0 1
1658 0.022794246673583984 1.0 1
1661 0.022693157196044922 1.0 1
1664 0.02297830581665039 1.0 1
1667 0.08024477958679199 1.0 1
1714 0.021952390670776367 1.0 1
1719 0.02170872688293457 1.0 1
1722 0.022099733352661133 1.0 1
1725 0.022741079330444336 1.0 1
1728 0.021347761154174805 1.0 1
1771 0.02115654945373535 1.0 1
1774 0.01801776885986328 1.0 1
1776 0.020940780639648438 1.0 1
1778 0.019831180572509766 1.0 1
1782 0.020506858825683594 1.0 1
1824 0.01890087127685547 1.0 1
1827 0.036739349365234375 1.0 1
1829 0.013062000274658203 1.0 1
1832 0.021749258041381836 1.0 1
1834 0.06400108337402344 1.0 1
1881 0.021381616592407227 1.0 1
1883 0.06592726707458496 1.0 1
1885 0.018472909927368164 1.0 1
1887 0.07126522064208984 1.0 1
1888 0.020651817321777344 1.0 1
1912 0.022193193435668945 1.0 1
1913 0.019708633422851562 1.0 1
1915 0.06264114379882812 1.0 1
1917 0.02013397216796875 1.0 1
1919 0.06858491897583008 1.0 1
1938 0.019294261932373047 1.0 1
1940 0.017202138900756836 1.0 1
1941 0.0899820327758789 1.0 1
1943 0.016895055770874023 1.0 1
1944 0.05457615852355957 1.0 1
1968 0.019999980926513672 1.0 1
1970 0.08767962455749512 1.0 1
1971 0.021901369094848633 1.0 1
1973 0.021139860153198242 1.0 1
1974 0.06952190399169922 1.0 1
1997 0.043292999267578125 1.0 1
1999 0.17561888694763184 1.0 1
2000 0.019433021545410156 1.0 1
2002 0.07505202293395996 1.0 1
2003 0.021847009658813477 1.0 1
2027 0.021390199661254883 1.0 1
2029 0.025291919708251953 1.0 1
2030 0.020368337631225586 1.0 1
2032 0.01950526237487793 1.0 1
2033 0.04930758476257324 1.0 1
2058 0.019425392150878906 1.0 1
2060 0.03579092025756836 1.0 1
2062 0.021320343017578125 1.0 1
2063 0.020976781845092773 1.0 1
2065 0.018954992294311523 1.0 1
2089 0.026440143585205078 1.0 1
2090 0.016028404235839844 1.0 1
2092 0.020455121994018555 1.0 1
2094 0.04512310028076172 1.0 1
2095 0.021610736846923828 1.0 1
2119 0.026144742965698242 1.0 1
2121 0.019520998001098633 1.0 1
2123 0.0222318172454834 1.0 1
2124 0.04747939109802246 1.0 1
2126 0.020631074905395508 1.0 1
2148 0.03217744827270508 1.0 1
2149 0.02122020721435547 1.0 1
2151 0.07967734336853027 1.0 1
2153 0.01936817169189453 1.0 1
2154 0.02031874656677246 1.0 1
2179 0.04403352737426758 1.0 1
2181 0.024226903915405273 1.0 1
2182 0.018152713775634766 1.0 1
2184 0.033591508865356445 1.0 1
2186 0.019359827041625977 1.0 1
2208 0.020073413848876953 1.0 1
2210 0.038039445877075195 1.0 1
2212 0.019479036331176758 1.0 1
2213 0.021460771560668945 1.0 1
2215 0.13513541221618652 1.0 1
2238 0.0876920223236084 1.0 1
2239 0.021022558212280273 1.0 1
2241 0.01915717124938965 1.0 1
2243 0.057653188705444336 1.0 1
2244 0.02156519889831543 1.0 1
2269 0.04813694953918457 1.0 1
2270 0.09979748725891113 1.0 1
2272 0.07982325553894043 1.0 1
2274 0.10920572280883789 1.0 1
2276 0.021747589111328125 1.0 1
2299 0.0639491081237793 1.0 1
2300 0.020906686782836914 1.0 1
2302 0.02533268928527832 1.0 1
2303 0.044043540954589844 1.0 1
2305 0.02076101303100586 1.0 1
2328 0.027178287506103516 1.0 1
2330 0.021275043487548828 1.0 1
2331 0.05571150779724121 1.0 1
2333 0.020453453063964844 1.0 1
2334 0.016692161560058594 1.0 1
2358 0.01983189582824707 1.0 1
2360 0.0205991268157959 1.0 1
2361 0.054482460021972656 1.0 1
2363 0.019653797149658203 1.0 1
2364 0.021381378173828125 1.0 1
2388 0.019854068756103516 1.0 1
2390 0.03185915946960449 1.0 1
2392 0.02071976661682129 1.0 1
2393 0.0749974250793457 1.0 1
2395 0.019618988037109375 1.0 1
2419 0.027089357376098633 1.0 1
2421 0.019883394241333008 1.0 1
2423 0.020400285720825195 1.0 1
2425 0.03580451011657715 1.0 1
2426 0.09977006912231445 1.0 1
2449 0.03468775749206543 1.0 1
2451 0.019808292388916016 1.0 1
2453 0.07813906669616699 1.0 1
2455 0.006325483322143555 1.0 1
2456 0.0215606689453125 1.0 1
2478 0.020166397094726562 1.0 1
2480 0.020824432373046875 1.0 1
2482 0.04096055030822754 1.0 1
2483 0.10104703903198242 1.0 1
2485 0.0205690860748291 1.0 1
2508 0.014148712158203125 1.0 1
2510 0.02212047576904297 1.0 1
2512 0.026409149169921875 1.0 1
2513 0.07926511764526367 1.0 1
2515 0.013502359390258789 1.0 1
2535 0.055123329162597656 1.0 1
2537 0.10734295845031738 1.0 1
2538 0.021183490753173828 1.0 1
2539 0.07215428352355957 1.0 1
2541 0.09032678604125977 1.0 1
2566 0.054285526275634766 1.0 1
2567 0.10058045387268066 1.0 1
2568 0.018271684646606445 1.0 1
2570 0.07614636421203613 1.0 1
2571 0.022849559783935547 1.0 1
2596 0.0189211368560791 1.0 1
2597 0.05826163291931152 1.0 1
2598 0.0188295841217041 1.0 1
2600 0.07181191444396973 1.0 1
2601 0.09200453758239746 1.0 1
2625 0.016170978546142578 1.0 1
2626 0.021600723266601562 1.0 1
2627 0.02041006088256836 1.0 1
2629 0.06946516036987305 1.0 1
2630 0.017354488372802734 1.0 1
2657 0.018495559692382812 1.0 1
2659 0.02084040641784668 1.0 1
2660 0.059590816497802734 1.0 1
2662 0.10289788246154785 1.0 1
2664 0.021056175231933594 1.0 1
2687 0.06825637817382812 1.0 1
2688 0.08859753608703613 1.0 1
2690 0.0945744514465332 1.0 1
2691 0.021910905838012695 1.0 1
2693 0.022430419921875 1.0 1
2720 0.018004894256591797 1.0 1
2722 0.01940608024597168 1.0 1
2723 0.0408473014831543 1.0 1
2725 0.09555888175964355 1.0 1
2727 0.020072221755981445 1.0 1
2748 0.03839588165283203 1.0 1
2750 0.017226219177246094 1.0 1
2751 0.01947927474975586 1.0 1
2753 0.05606508255004883 1.0 1
2755 0.022562265396118164 1.0 1
2780 0.14921212196350098 1.0 1
2782 0.023539304733276367 1.0 1
2783 0.02049875259399414 1.0 1
2785 0.01907491683959961 1.0 1
2787 0.04236292839050293 1.0 1
2810 0.05298185348510742 1.0 1
2811 0.017855167388916016 1.0 1
2813 0.08037233352661133 1.0 1
2815 0.013508796691894531 1.0 1
2817 0.07918357849121094 1.0 1
2842 0.02289748191833496 1.0 1
2844 0.021349191665649414 1.0 1
2846 0.021904945373535156 1.0 1
2848 0.022579431533813477 1.0 1
2850 0.02117156982421875 1.0 1
2872 0.019930362701416016 1.0 1
2874 0.07145881652832031 1.0 1
2877 0.019890308380126953 1.0 1
2878 0.018373966217041016 1.0 1
2880 0.018712282180786133 1.0 1
2904 0.02092576026916504 1.0 1
2906 0.017267942428588867 1.0 1
2908 0.05733203887939453 1.0 1
2910 0.0209352970123291 1.0 1
2912 0.022557735443115234 1.0 1
2966 0.01985931396484375 1.0 1
2968 0.022999286651611328 1.0 1
2970 0.019945144653320312 1.0 1
2972 0.0200345516204834 1.0 1
2975 0.019866943359375 1.0 1
3032 0.021737337112426758 1.0 1
3035 0.020575761795043945 1.0 1
3038 0.02377939224243164 1.0 1
3041 0.02351665496826172 1.0 1
3043 0.020589113235473633 1.0 1
3088 0.0206911563873291 1.0 1
3091 0.0384984016418457 1.0 1
3094 0.020864486694335938 1.0 1
3098 0.02132272720336914 1.0 1
3101 0.021242856979370117 1.0 1
3149 0.01965188980102539 1.0 1
3152 0.020949602127075195 1.0 1
3156 0.021071434020996094 1.0 1
3160 0.02017521858215332 1.0 1
3162 0.0216367244720459 1.0 1
3211 0.01990818977355957 1.0 1
3215 0.04132437705993652 1.0 1
3218 0.021265745162963867 1.0 1
3221 0.020375728607177734 1.0 1
3225 0.02088308334350586 1.0 1
3266 0.022447824478149414 1.0 1
3268 0.02028179168701172 1.0 1
3271 0.019298553466796875 1.0 1
3273 0.15386056900024414 1.0 1
3276 0.032999277114868164 1.0 1
3321 0.020625829696655273 1.0 1
3323 0.04294085502624512 1.0 1
3325 0.0203554630279541 1.0 1
3327 0.07320785522460938 1.0 1
3329 0.019400596618652344 1.0 1
3351 0.06901121139526367 1.0 1
3353 0.2736036777496338 1.0 1
3354 0.09610986709594727 1.0 1
3356 0.02106642723083496 1.0 1
3358 0.07111978530883789 1.0 1
3377 0.019486427307128906 1.0 1
3378 0.03961968421936035 1.0 1
3380 0.021570205688476562 1.0 1
3382 0.02261638641357422 1.0 1
3383 0.053735971450805664 1.0 1
3407 0.020698070526123047 1.0 1
3408 0.06045651435852051 1.0 1
3410 0.02184128761291504 1.0 1
3411 0.0753931999206543 1.0 1
3413 0.021860599517822266 1.0 1
3436 0.05241751670837402 1.0 1
3437 0.01991438865661621 1.0 1
3438 0.020189285278320312 1.0 1
3440 0.05784130096435547 1.0 1
3441 0.08092260360717773 1.0 1
3466 0.05833172798156738 1.0 1
3468 0.09631109237670898 1.0 1
3469 0.013046026229858398 1.0 1
3471 0.07266497611999512 1.0 1
3472 0.021020174026489258 1.0 1
3498 0.047446489334106445 1.0 1
3499 0.02161121368408203 1.0 1
3501 0.07973408699035645 1.0 1
3503 0.019659757614135742 1.0 1
3504 0.021001338958740234 1.0 1
3528 0.020045042037963867 1.0 1
3530 0.0185089111328125 1.0 1
3531 0.021169185638427734 1.0 1
3533 0.01910686492919922 1.0 1
3534 0.02892589569091797 1.0 1
3559 0.0287783145904541 1.0 1
3561 0.08746600151062012 1.0 1
3562 0.03918027877807617 1.0 1
3564 0.01317143440246582 1.0 1
3566 0.04772019386291504 1.0 1
3588 0.07612752914428711 1.0 1
3590 0.02411508560180664 1.0 1
3591 0.02335357666015625 1.0 1
3593 0.034432172775268555 1.0 1
3594 0.019484281539916992 1.0 1
3601 0.11775565147399902 1.0 1
3601 0.005802631378173828 1.0 1
3601 0.00597071647644043 1.0 1
3601 0.006131887435913086 1.0 1
3601 0.0062215328216552734 1.0 1
3601 0.005627632141113281 1.0 1
3601 0.005358695983886719 1.0 1
3601 0.005611896514892578 1.0 1
3601 0.005411863327026367 1.0 1
3601 0.006051301956176758 1.0 1
3601 0.005686283111572266 1.0 1
3601 0.0054836273193359375 1.0 1
3601 0.006153106689453125 1.0 1
3601 0.0052945613861083984 1.0 1
3601 0.005692958831787109 1.0 1
