3 0.031070470809936523 0.5 2
5 0.003979682922363281 0.5 2
6 0.08656668663024902 0.5 2
8 0.01006317138671875 0.5 2
10 0.0029249191284179688 0.5 2
56 0.05578184127807617 0.4 2
57 0.0598444938659668 0.4 2
57 0.07095956802368164 0.4 2
58 0.039618492126464844 0.4 2
59 0.10212945938110352 0.4 2
69 0.049150705337524414 0.4 2
69 0.08351850509643555 0.4 2
70 0.012658119201660156 0.4 2
71 0.08708071708679199 0.4 2
72 0.061827659606933594 0.4 2
107 0.0068051815032958984 0.4 2
109 0.0771486759185791 0.4 2
110 0.0071239471435546875 0.4 2
112 0.007997989654541016 0.4 2
114 0.0070607662200927734 0.4 2
137 0.008328437805175781 0.4 2
139 0.007405281066894531 0.4 2
141 0.006476402282714844 0.4 2
143 0.020922183990478516 0.4 2
145 0.0060846805572509766 0.4 2
172 0.009911060333251953 0.4 2
173 0.008514165878295898 0.4 2
175 0.00792694091796875 0.4 2
177 0.005812406539916992 0.4 2
179 0.006240367889404297 0.4 2
206 0.008638381958007812 0.4 2
208 0.006665945053100586 0.4 2
210 0.006099224090576172 0.4 2
212 0.005144357681274414 0.4 2
214 0.00621795654296875 0.4 2
263 0.005838155746459961 0.4 2
265 0.007664203643798828 0.4 2
268 0.008059263229370117 0.4 2
270 0.006134033203125 0.4 2
272 0.008801460266113281 0.4 2
348 0.0038123130798339844 0.5 2
350 0.07561993598937988 0.5 2
352 0.0033545494079589844 0.5 2
354 0.0032875537872314453 0.5 2
356 0.002956390380859375 0.5 2
393 0.042403221130371094 0.6 2
395 0.01220393180847168 0.6 2
396 0.07521986961364746 0.6 2
398 0.10589218139648438 0.6 2
400 0.011506319046020508 0.6 2
467 0.06143045425415039 0.5 2
468 0.07255983352661133 0.5 2
470 0.07355093955993652 0.5 2
471 0.12496256828308105 0.5 2
473 0.07861781120300293 0.5 2
510 0.013545751571655273 0.5 2
513 0.012119054794311523 0.5 2
516 0.010303020477294922 0.5 2
519 0.010135173797607422 0.5 2
522 0.009150505065917969 0.5 2
574 0.0035147666931152344 0.5 3
577 0.006933450698852539 0.5 3
579 0.04468870162963867 0.5 3
581 0.05319571495056152 0.5 3
583 0.05325770378112793 0.5 3
648 0.05888819694519043 0.4 3
649 0.043608665466308594 0.4 3
651 0.050220489501953125 0.4 3
652 0.04303240776062012 0.4 3
653 0.34116172790527344 0.4 3
679 0.011176347732543945 0.4 3
682 0.011727094650268555 0.4 3
684 0.010372400283813477 0.4 3
687 0.012506723403930664 0.4 3
689 0.01073312759399414 0.4 3
714 0.008759021759033203 0.4 3
716 0.00660252571105957 0.4 3
719 0.07460999488830566 0.4 3
721 0.00923609733581543 0.4 3
723 0.05026388168334961 0.4 3
772 0.0073089599609375 0.4 3
774 0.00740814208984375 0.4 3
776 0.007256746292114258 0.4 3
778 0.05747580528259277 0.4 3
780 0.006764411926269531 0.4 3
795 0.055480003356933594 0.4 3
796 0.04286980628967285 0.4 3
797 0.04734086990356445 0.4 3
799 0.05863547325134277 0.4 3
800 0.05608963966369629 0.4 3
838 0.007071495056152344 0.4 2
840 0.005879402160644531 0.4 2
842 0.006454944610595703 0.4 2
844 0.054863691329956055 0.4 2
845 0.04147982597351074 0.4 2
893 0.0032851696014404297 0.4 3
895 0.0034143924713134766 0.4 3
897 0.05030035972595215 0.4 3
898 0.03478503227233887 0.4 3
899 0.04997992515563965 0.4 3
920 0.008973836898803711 0.4 3
922 0.006804704666137695 0.4 3
924 0.00674748420715332 0.4 3
926 0.0070340633392333984 0.4 3
927 0.0065724849700927734 0.4 3
953 0.008295059204101562 0.4 3
955 0.00854349136352539 0.4 3
958 0.008477449417114258 0.4 3
960 0.0071315765380859375 0.4 3
963 0.009442806243896484 0.4 3
1017 0.007007598876953125 0.4 3
1019 0.008327007293701172 0.4 3
1022 0.03659820556640625 0.4 3
1024 0.005715847015380859 0.4 3
1027 0.04395174980163574 0.4 3
1078 0.006056547164916992 0.4 2
1080 0.005972623825073242 0.4 2
1082 0.014014959335327148 0.4 2
1084 0.04007601737976074 0.4 2
1085 0.05576014518737793 0.4 2
1134 0.006766080856323242 0.4 3
1137 0.0070133209228515625 0.4 3
1139 0.06566739082336426 0.4 3
1140 0.04729628562927246 0.4 3
1141 0.006356000900268555 0.4 3
1169 0.03240036964416504 0.4 2
1171 0.006937980651855469 0.4 2
1174 0.007269382476806641 0.4 2
1175 0.047713279724121094 0.4 2
1176 0.0467836856842041 0.4 2
1228 0.02556443214416504 0.4 3
1230 0.003720998764038086 0.4 3
1232 0.020789623260498047 0.4 3
1233 0.04894518852233887 0.4 3
1234 0.06559967994689941 0.4 3
1282 0.015586137771606445 0.4 3
1284 0.023499011993408203 0.4 3
1286 0.007200717926025391 0.4 3
1288 0.008167028427124023 0.4 3
1291 0.007618427276611328 0.4 3
1307 0.06011319160461426 0.4 3
1308 0.04360461235046387 0.4 3
1309 0.0603787899017334 0.4 3
1311 0.04082989692687988 0.4 3
1312 0.049874067306518555 0.4 3
1344 0.018311500549316406 0.4 3
1347 0.018979310989379883 0.4 3
1349 0.022101163864135742 0.4 3
1351 0.006287097930908203 0.4 3
1354 0.007078409194946289 0.4 3
1407 0.021364688873291016 0.4 3
1409 0.020140647888183594 0.4 3
1412 0.039415597915649414 0.4 3
1415 0.006998538970947266 0.4 3
1417 0.0067174434661865234 0.4 3
1468 0.021471738815307617 0.4 3
1470 0.00813913345336914 0.4 3
1472 0.006560087203979492 0.4 3
1475 0.005627632141113281 0.4 3
1478 0.06462311744689941 0.4 3
1530 0.021532297134399414 0.4 3
1533 0.0175325870513916 0.4 3
1536 0.007582664489746094 0.4 3
1539 0.020256757736206055 0.4 3
1543 0.02040386199951172 0.4 3
1594 0.020247220993041992 0.4 2
1596 0.019008874893188477 0.4 2
1599 0.021147489547729492 0.4 2
1602 0.059854984283447266 0.4 2
1605 0.04832911491394043 0.4 2
1648 0.019370079040527344 0.4 1
1651 0.019707202911376953 0.4 1
1653 0.02032923698425293 0.4 1
1655 0.06056356430053711 0.4 1
1658 0.06453323364257812 0.4 1
1712 0.020129919052124023 0.4 1
1715 0.021222591400146484 0.4 1
1719 0.017809629440307617 0.4 1
1721 0.018888235092163086 0.4 1
1724 0.07694435119628906 0.4 1
1768 0.057614803314208984 0.4 1
1770 0.01947331428527832 0.4 1
1771 0.06736588478088379 0.4 1
1774 0.012627363204956055 0.4 1
1777 0.019932031631469727 0.4 1
1820 0.10607171058654785 0.4 1
1822 0.05551600456237793 0.4 1
1823 0.08707046508789062 0.4 1
1825 0.05245208740234375 0.4 1
1827 0.06012558937072754 0.4 1
1854 0.01909780502319336 0.4 1
1856 0.020176172256469727 0.4 1
1859 0.157698392868042 0.4 1
1860 0.020313501358032227 0.4 1
1862 0.055065155029296875 0.4 1
1912 0.024881601333618164 0.4 2
1914 0.0021266937255859375 0.4 2
1916 0.07533574104309082 0.4 2
1917 0.08374142646789551 0.4 2
1918 0.05045580863952637 0.4 2
1934 0.01796102523803711 0.4 2
1935 0.06101059913635254 0.4 2
1937 0.01700592041015625 0.4 2
1938 0.07645559310913086 0.4 2
1940 0.06192493438720703 0.4 2
1971 0.007854461669921875 0.4 2
1973 0.009052515029907227 0.4 2
1975 0.022746562957763672 0.4 2
1977 0.03769373893737793 0.4 2
1979 0.08029985427856445 0.4 2
1997 0.007322788238525391 0.4 2
1999 0.02044200897216797 0.4 2
2001 0.022606611251831055 0.4 2
2003 0.009276628494262695 0.4 2
2005 0.02065587043762207 0.4 2
2046 0.003484487533569336 0.5 2
2048 0.003662109375 0.5 2
2049 0.0029604434967041016 0.5 2
2049 0.004423618316650391 0.5 2
2050 0.0047490596771240234 0.5 2
2101 0.06816959381103516 0.4 2
2103 0.0030548572540283203 0.4 2
2105 0.003636598587036133 0.4 2
2107 0.0028617382049560547 0.4 2
2109 0.004261970520019531 0.4 2
2150 0.007817745208740234 0.4 2
2152 0.010325908660888672 0.4 2
2154 0.00772857666015625 0.4 2
2156 0.006242275238037109 0.4 2
2158 0.01990342140197754 0.4 2
2181 0.01021885871887207 0.4 2
2183 0.006561756134033203 0.4 2
2186 0.007239580154418945 0.4 2
2188 0.0069043636322021484 0.4 2
2190 0.0238649845123291 0.4 2
2214 0.008635282516479492 0.4 3
2217 0.007513523101806641 0.4 3
2219 0.05914664268493652 0.4 3
2220 0.04508399963378906 0.4 3
2221 0.007952213287353516 0.4 3
2249 0.008683919906616211 0.4 2
2252 0.006318330764770508 0.4 2
2254 0.04805636405944824 0.4 2
2255 0.029736757278442383 0.4 2
2256 0.05397152900695801 0.4 2
2307 0.006646871566772461 0.4 1
2309 0.007077455520629883 0.4 1
2312 0.006998777389526367 0.4 1
2313 0.039034366607666016 0.4 1
2314 0.04306340217590332 0.4 1
2361 0.011905431747436523 0.4 1
2363 0.015650272369384766 0.4 1
2364 0.0786740779876709 0.4 1
2366 0.005741119384765625 0.4 1
2368 0.04947638511657715 0.4 1
2392 0.036064863204956055 0.4 1
2394 0.014344453811645508 0.4 1
2396 0.0805056095123291 0.4 1
2398 0.006026268005371094 0.4 1
2400 0.08577775955200195 0.4 1
2421 0.004530906677246094 0.4 2
2423 0.003286600112915039 0.4 2
2425 0.027892351150512695 0.4 2
2426 0.034000396728515625 0.4 2
2427 0.06381821632385254 0.4 2
2447 0.15767955780029297 0.4 2
2448 0.020296573638916016 0.4 2
2450 0.0727839469909668 0.4 2
2451 0.01844024658203125 0.4 2
2453 0.016756534576416016 0.4 2
2476 0.058672189712524414 0.4 3
2477 0.04849958419799805 0.4 3
2478 0.0698394775390625 0.4 3
2479 0.039658308029174805 0.4 3
2480 0.08770275115966797 0.4 3
2514 0.007197141647338867 0.4 2
2516 0.00706791877746582 0.4 2
2518 0.020156145095825195 0.4 2
2519 0.04031229019165039 0.4 2
2520 0.062159061431884766 0.4 2
2539 0.008714675903320312 0.4 2
2540 0.009289026260375977 0.4 2
2542 0.007149219512939453 0.4 2
2543 0.0071201324462890625 0.4 2
2544 0.007643938064575195 0.4 2
2568 0.00811147689819336 0.4 2
2570 0.021269798278808594 0.4 2
2572 0.2574946880340576 0.4 2
2573 0.00581049919128418 0.4 2
2575 0.054811954498291016 0.4 2
2598 0.06790518760681152 0.4 2
2600 0.02183222770690918 0.4 2
2601 0.006702899932861328 0.4 2
2603 0.007366657257080078 0.4 2
2605 0.06292939186096191 0.4 2
2628 0.009279012680053711 0.4 2
2630 0.02131819725036621 0.4 2
2632 0.04108691215515137 0.4 2
2633 0.006122589111328125 0.4 2
2635 0.020781755447387695 0.4 2
2654 0.016290903091430664 0.4 1
2655 0.02005314826965332 0.4 1
2657 0.01978921890258789 0.4 1
2658 0.04234600067138672 0.4 1
2659 0.02389049530029297 0.4 1
2689 0.01912665367126465 0.4 2
2691 0.020635366439819336 0.4 2
2693 0.04433870315551758 0.4 2
2694 0.05019187927246094 0.4 2
2694 0.06460785865783691 0.4 2
2718 0.010074615478515625 0.4 3
2720 0.010669708251953125 0.4 3
2722 0.10234427452087402 0.4 3
2724 0.007223606109619141 0.4 3
2726 0.015025854110717773 0.4 3
2752 0.024205684661865234 0.4 2
2754 0.038410186767578125 0.4 2
2756 0.01770949363708496 0.4 2
2758 0.007235050201416016 0.4 2
2760 0.06743025779724121 0.4 2
2778 0.019078969955444336 0.4 1
2780 0.05742907524108887 0.4 1
2781 0.020086288452148438 0.4 1
2782 0.0662529468536377 0.4 1
2783 0.060585737228393555 0.4 1
2812 0.043164730072021484 0.5 1
2813 0.03811287879943848 0.5 1
2814 0.03868746757507324 0.5 1
2815 0.021494388580322266 0.5 1
2816 0.04324221611022949 0.5 1
2846 0.02386188507080078 0.6 1
2848 0.0061800479888916016 0.6 1
2850 0.004325151443481445 0.6 1
2851 0.09527921676635742 0.6 1
2852 0.0902245044708252 0.6 1
2910 0.12526202201843262 0.7 1
2911 0.5651664733886719 0.7 1
2912 0.027814149856567383 0.7 1
2914 0.0863339900970459 0.7 1
2916 0.012921333312988281 0.7 1
2967 0.053325653076171875 0.7 2
2969 0.05038905143737793 0.7 2
2971 0.018605947494506836 0.7 2
2972 0.008928060531616211 0.7 2
2974 0.011838912963867188 0.7 2
3058 0.06018638610839844 0.8 2
3060 0.05737614631652832 0.8 2
3064 0.012513160705566406 0.8 2
3068 0.011536359786987305 0.8 2
3071 0.014539718627929688 0.8 2
3121 0.010177135467529297 0.8 1
3125 0.009692192077636719 0.8 1
3127 0.010816097259521484 0.8 1
3129 0.010220050811767578 0.8 1
3131 0.008778810501098633 0.8 1
3182 0.012781143188476562 0.9 1
3186 0.013986349105834961 0.9 1
3188 0.0130462646484375 0.9 1
3192 0.011812686920166016 0.9 1
3195 0.01322484016418457 0.9 1
3240 0.05064654350280762 0.9 1
3241 0.04367423057556152 0.9 1
3244 0.00883173942565918 0.9 1
3246 0.00883626937866211 0.9 1
3249 0.00804448127746582 0.9 1
3302 0.007052898406982422 0.9 1
3304 0.00733184814453125 0.9 1
3307 0.00561213493347168 0.9 1
3309 0.0070650577545166016 0.9 1
3312 0.007119178771972656 0.9 1
3354 0.054926395416259766 0.9 1
3356 0.04427838325500488 0.9 1
3357 0.04349064826965332 0.9 1
3358 0.0699319839477539 0.9 1
3360 0.05826282501220703 0.9 1
3387 0.0072040557861328125 0.9 2
3389 0.0066525936126708984 0.9 2
3392 0.006668806076049805 0.9 2
3393 0.05016636848449707 0.9 2
3394 0.03388047218322754 0.9 2
3446 0.0053255558013916016 0.9 2
3449 0.005075216293334961 0.9 2
3451 0.005049943923950195 0.9 2
3453 0.005383491516113281 0.9 2
3456 0.006778717041015625 0.9 2
3508 0.007016420364379883 0.9 2
3511 0.022826433181762695 0.9 2
3514 0.006070852279663086 0.9 2
3516 0.022563695907592773 0.9 2
3519 0.006688356399536133 0.9 2
3566 0.005194425582885742 0.9 3
3569 0.0053288936614990234 0.9 3
3571 0.010658025741577148 0.9 3
3574 0.007207632064819336 0.9 3
3576 0.05498170852661133 0.9 3
11 0.008244037628173828 0.9 3
12 0.09638595581054688 0.9 3
13 0.00914907455444336 0.9 3
15 0.009653329849243164 0.9 3
16 0.06941103935241699 0.9 3
54 0.009058475494384766 0.9 2
56 0.0072481632232666016 0.9 2
59 0.0064847469329833984 0.9 2
60 0.008144855499267578 0.9 2
62 0.05490303039550781 0.9 2
112 0.007987737655639648 0.9 2
114 0.007344722747802734 0.9 2
116 0.022031545639038086 0.9 2
118 0.006684780120849609 0.9 2
120 0.008070230484008789 0.9 2
144 0.008970499038696289 0.9 2
146 0.005798816680908203 0.9 2
148 0.006928682327270508 0.9 2
150 0.0074427127838134766 0.9 2
152 0.009086370468139648 0.9 2
205 0.007063388824462891 0.9 2
207 0.008157491683959961 0.9 2
210 0.0067539215087890625 0.9 2
212 0.009448766708374023 0.9 2
214 0.0054628849029541016 0.9 2
271 0.0057353973388671875 0.9 1
273 0.005677700042724609 0.9 1
275 0.005673408508300781 0.9 1
277 0.006020784378051758 0.9 1
279 0.004903078079223633 0.9 1
325 0.02474379539489746 0.9 1
328 0.07773113250732422 0.9 1
329 0.02073502540588379 0.9 1
331 0.16659808158874512 0.9 1
333 0.021485328674316406 0.9 1
385 0.268735408782959 0.9 1
387 0.10354423522949219 0.9 1
390 0.02264118194580078 0.9 1
392 0.016955137252807617 0.9 1
394 0.020423173904418945 0.9 1
447 0.021822690963745117 0.9 1
450 0.019832849502563477 0.9 1
452 0.021677017211914062 0.9 1
454 0.02011251449584961 0.9 1
458 0.02008199691772461 0.9 1
505 0.02061605453491211 0.9 1
508 0.020505666732788086 0.9 1
510 0.020393848419189453 0.9 1
511 0.022052288055419922 0.9 1
514 0.021688461303710938 0.9 1
573 0.011465787887573242 1.0 1
576 0.045976877212524414 1.0 1
578 0.010329246520996094 1.0 1
580 0.008476734161376953 1.0 1
583 0.009279251098632812 1.0 1
628 0.009324073791503906 1.0 1
630 0.0069882869720458984 1.0 1
633 0.005840778350830078 1.0 1
637 0.007976531982421875 1.0 1
640 0.008321523666381836 1.0 1
685 0.006945610046386719 1.0 1
687 0.007365703582763672 1.0 1
690 0.006071567535400391 1.0 1
692 0.008382320404052734 1.0 1
695 0.0056912899017333984 1.0 1
744 0.006276845932006836 1.0 1
747 0.0073773860931396484 1.0 1
749 0.005827665328979492 1.0 1
752 0.006752729415893555 1.0 1
755 0.006432294845581055 1.0 1
807 0.006042957305908203 1.0 1
810 0.006749629974365234 1.0 1
812 0.026988744735717773 1.0 1
815 0.005495548248291016 1.0 1
817 0.006486177444458008 1.0 1
867 0.005991697311401367 1.0 1
869 0.005141019821166992 1.0 1
872 0.006517171859741211 1.0 1
874 0.0058498382568359375 1.0 1
877 0.007183074951171875 1.0 1
921 0.021605253219604492 1.0 1
922 0.019212961196899414 1.0 1
924 0.02130603790283203 1.0 1
926 0.020314455032348633 1.0 1
928 0.02050471305847168 1.0 1
949 0.02698969841003418 1.0 1
951 0.017750024795532227 1.0 1
953 0.022371292114257812 1.0 1
955 0.021416425704956055 1.0 1
957 0.020336627960205078 1.0 1
980 0.01990032196044922 1.0 1
982 0.021971702575683594 1.0 1
984 0.021044015884399414 1.0 1
986 0.0305025577545166 1.0 1
988 0.023367881774902344 1.0 1
1011 0.019824981689453125 1.0 1
1013 0.02095627784729004 1.0 1
1015 0.02118372917175293 1.0 1
1016 0.06487083435058594 1.0 1
1017 0.060590505599975586 1.0 1
1041 0.021359682083129883 1.0 1
1042 0.02140974998474121 1.0 1
1044 0.01811075210571289 1.0 1
1046 0.021259784698486328 1.0 1
1048 0.030747175216674805 1.0 1
1071 0.022884607315063477 1.0 1
1073 0.023099660873413086 1.0 1
1075 0.020488500595092773 1.0 1
1077 0.029393434524536133 1.0 1
1079 0.06943702697753906 1.0 1
1101 0.022379636764526367 1.0 1
1103 0.021272659301757812 1.0 1
1104 0.01948404312133789 1.0 1
1106 0.0214693546295166 1.0 1
1108 0.0646359920501709 1.0 1
1127 0.019055604934692383 1.0 1
1129 0.017203569412231445 1.0 1
1131 0.020177841186523438 1.0 1
1133 0.018099069595336914 1.0 1
1135 0.0195772647857666 1.0 1
1159 0.02050614356994629 1.0 1
1161 0.019852399826049805 1.0 1
1163 0.023186206817626953 1.0 1
1165 0.023493528366088867 1.0 1
1167 0.01934027671813965 1.0 1
1191 0.020607471466064453 1.0 1
1193 0.034111738204956055 1.0 1
1195 0.021654844284057617 1.0 1
1196 0.024140596389770508 1.0 1
1198 0.07268548011779785 1.0 1
1222 0.026556730270385742 1.0 1
1224 0.03361988067626953 1.0 1
1226 0.018826961517333984 1.0 1
1228 0.02023005485534668 1.0 1
1230 0.054026126861572266 1.0 1
1252 0.0230865478515625 1.0 1
1254 0.02371358871459961 1.0 1
1256 0.01926445960998535 1.0 1
1258 0.038210153579711914 1.0 1
1260 0.0602564811706543 1.0 1
1282 0.027081727981567383 1.0 1
1284 0.02055978775024414 1.0 1
1286 0.021475791931152344 1.0 1
1288 0.01876688003540039 1.0 1
1290 0.07541680335998535 1.0 1
1313 0.021677255630493164 1.0 1
1315 0.021610736846923828 1.0 1
1317 0.019249916076660156 1.0 1
1319 0.019888639450073242 1.0 1
1321 0.021285533905029297 1.0 1
1342 0.03280067443847656 1.0 1
1345 0.023342370986938477 1.0 1
1346 0.020793914794921875 1.0 1
1348 0.021024227142333984 1.0 1
1351 0.022182464599609375 1.0 1
1373 0.022930383682250977 1.0 1
1375 0.021448373794555664 1.0 1
1377 0.019567251205444336 1.0 1
1379 0.01678776741027832 1.0 1
1381 0.022599220275878906 1.0 1
1406 0.018527746200561523 1.0 1
1408 0.021927595138549805 1.0 1
1411 0.020623445510864258 1.0 1
1413 0.020827770233154297 1.0 1
1415 0.05373024940490723 1.0 1
1466 0.021461009979248047 1.0 1
1468 0.01920485496520996 1.0 1
1471 0.017040729522705078 1.0 1
1473 0.016954898834228516 1.0 1
1475 0.054773569107055664 1.0 1
1530 0.022190332412719727 1.0 1
1532 0.021376371383666992 1.0 1
1535 0.02074575424194336 1.0 1
1538 0.022050857543945312 1.0 1
1540 0.05316662788391113 1.0 1
1592 0.021828413009643555 1.0 1
1595 0.02115654945373535 1.0 1
1598 0.02002096176147461 1.0 1
1602 0.018116235733032227 1.0 1
1604 0.06118297576904297 1.0 1
1652 0.024998188018798828 1.0 1
1655 0.02023005485534668 1.0 1
1660 0.021778583526611328 1.0 1
1662 0.019234657287597656 1.0 1
1664 0.02215099334716797 1.0 1
1714 0.05547809600830078 1.0 1
1718 0.01875615119934082 1.0 1
1720 0.021973371505737305 1.0 1
1724 0.019297122955322266 1.0 1
1729 0.019256114959716797 1.0 1
1769 0.02387690544128418 1.0 1
1772 0.02196955680847168 1.0 1
1775 0.019140243530273438 1.0 1
1777 0.018488168716430664 1.0 1
1780 0.05459141731262207 1.0 1
1826 0.024352312088012695 1.0 1
1828 0.019623994827270508 1.0 1
1830 0.02145862579345703 1.0 1
1832 0.020721435546875 1.0 1
1835 0.05010581016540527 1.0 1
1882 0.020298242568969727 1.0 1
1884 0.019408226013183594 1.0 1
1886 0.020060300827026367 1.0 1
1888 0.020864009857177734 1.0 1
1890 0.07071614265441895 1.0 1
1913 0.020409822463989258 1.0 1
1915 0.018823862075805664 1.0 1
1917 0.01743316650390625 1.0 1
1919 0.027106046676635742 1.0 1
1921 0.017722368240356445 1.0 1
1941 0.02156662940979004 1.0 1
1942 0.020615100860595703 1.0 1
1944 0.020054340362548828 1.0 1
1946 0.022356510162353516 1.0 1
1947 0.06094694137573242 1.0 1
1970 0.021731138229370117 1.0 1
1972 0.019736528396606445 1.0 1
1974 0.018421649932861328 1.0 1
1976 0.020244359970092773 1.0 1
1978 0.03807640075683594 1.0 1
2000 0.018561601638793945 1.0 1
2002 0.01608753204345703 1.0 1
2003 0.02070331573486328 1.0 1
2005 0.0222170352935791 1.0 1
2007 0.05223822593688965 1.0 1
2029 0.03853130340576172 1.0 1
2031 0.021393299102783203 1.0 1
2033 0.02114248275756836 1.0 1
2034 0.02556633949279785 1.0 1
2036 0.02344512939453125 1.0 1
2062 0.020908355712890625 1.0 1
2063 0.06226706504821777 1.0 1
2064 0.06509065628051758 1.0 1
2065 0.06423568725585938 1.0 1
2066 0.05267810821533203 1.0 1
2091 0.019230127334594727 1.0 1
2093 0.019925832748413086 1.0 1
2095 0.02167057991027832 1.0 1
2096 0.02169966697692871 1.0 1
2098 0.026212692260742188 1.0 1
2121 0.03804421424865723 1.0 1
2123 0.017531871795654297 1.0 1
2124 0.0206146240234375 1.0 1
2126 0.01989603042602539 1.0 1
2128 0.01802659034729004 1.0 1
2151 0.011269092559814453 1.0 1
2153 0.02020430564880371 1.0 1
2155 0.01822352409362793 1.0 1
2157 0.019185304641723633 1.0 1
2159 0.022824764251708984 1.0 1
2178 0.06389379501342773 1.0 1
2179 0.061285972595214844 1.0 1
2180 0.0544130802154541 1.0 1
2181 0.06087851524353027 1.0 1
2182 0.06797981262207031 1.0 1
2206 0.018396615982055664 1.0 1
2208 0.027826786041259766 1.0 1
2210 0.01912856101989746 1.0 1
2211 0.02105259895324707 1.0 1
2213 0.026859045028686523 1.0 1
2241 0.02324390411376953 1.0 1
2242 0.018302202224731445 1.0 1
2244 0.019112348556518555 1.0 1
2246 0.022194623947143555 1.0 1
2248 0.06520771980285645 1.0 1
2270 0.015174150466918945 1.0 1
2272 0.019560575485229492 1.0 1
2274 0.022614717483520508 1.0 1
2275 0.017504453659057617 1.0 1
2277 0.02843332290649414 1.0 1
2298 0.021330595016479492 1.0 1
2300 0.020898818969726562 1.0 1
2301 0.02047872543334961 1.0 1
2303 0.02133965492248535 1.0 1
2305 0.018382549285888672 1.0 1
2329 0.054892778396606445 1.0 1
2330 0.04467964172363281 1.0 1
2331 0.062152862548828125 1.0 1
2331 0.05735135078430176 1.0 1
2332 0.0849611759185791 1.0 1
2360 0.023969650268554688 1.0 1
2362 0.026446819305419922 1.0 1
2363 0.019389867782592773 1.0 1
2365 0.019484519958496094 1.0 1
2367 0.05755877494812012 1.0 1
2390 0.023552894592285156 1.0 1
2392 0.019038677215576172 1.0 1
2394 0.023791074752807617 1.0 1
2396 0.01944732666015625 1.0 1
2397 0.034657955169677734 1.0 1
2419 0.024446725845336914 1.0 1
2421 0.03966546058654785 1.0 1
2423 0.02144479751586914 1.0 1
2425 0.02179551124572754 1.0 1
2427 0.03118586540222168 1.0 1
2451 0.03689289093017578 1.0 1
2453 0.07004785537719727 1.0 1
2454 0.05611777305603027 1.0 1
2455 0.06832337379455566 1.0 1
2456 0.054190874099731445 1.0 1
2480 0.02465057373046875 1.0 1
2482 0.01943826675415039 1.0 1
2483 0.019536733627319336 1.0 1
2485 0.023211240768432617 1.0 1
2487 0.061003923416137695 1.0 1
2509 0.024924278259277344 1.0 1
2511 0.020139217376708984 1.0 1
2513 0.0198056697845459 1.0 1
2515 0.020856142044067383 1.0 1
2517 0.04901409149169922 1.0 1
2538 0.01256704330444336 1.0 1
2540 0.018783092498779297 1.0 1
2542 0.022123098373413086 1.0 1
2543 0.02728891372680664 1.0 1
2545 0.05617809295654297 1.0 1
2568 0.021213769912719727 1.0 1
2570 0.019831180572509766 1.0 1
2571 0.02299952507019043 1.0 1
2573 0.012267827987670898 1.0 1
2575 0.04494285583496094 1.0 1
2596 0.02129364013671875 1.0 1
2597 0.0179440975189209 1.0 1
2599 0.022268295288085938 1.0 1
2600 0.01181340217590332 1.0 1
2602 0.021806955337524414 1.0 1
2626 0.0180208683013916 1.0 1
2628 0.019066333770751953 1.0 1
2629 0.01864004135131836 1.0 1
2631 0.02099895477294922 1.0 1
2633 0.018405914306640625 1.0 1
2657 0.01933455467224121 1.0 1
2659 0.042186737060546875 1.0 1
2660 0.018908262252807617 1.0 1
2662 0.022514820098876953 1.0 1
2664 0.020261287689208984 1.0 1
2688 0.04867911338806152 1.0 1
2689 0.06104898452758789 1.0 1
2690 0.07230567932128906 1.0 1
2691 0.07581663131713867 1.0 1
2692 0.043419599533081055 1.0 1
2718 0.018470048904418945 1.0 1
2720 0.019238948822021484 1.0 1
2721 0.01887679100036621 1.0 1
2723 0.019701242446899414 1.0 1
2725 0.020496368408203125 1.0 1
2750 0.06395745277404785 1.0 1
2751 0.059241533279418945 1.0 1
2752 0.049536943435668945 1.0 1
2753 0.061011552810668945 1.0 1
2754 0.061318397521972656 1.0 1
2781 0.024208545684814453 1.0 1
2783 0.019513607025146484 1.0 1
2784 0.020380496978759766 1.0 1
2786 0.02088761329650879 1.0 1
2788 0.01988387107849121 1.0 1
2811 0.023347139358520508 1.0 1
2813 0.01703333854675293 1.0 1
2815 0.02169013023376465 1.0 1
2816 0.02176356315612793 1.0 1
2818 0.03448033332824707 1.0 1
2842 0.0225832462310791 1.0 1
2845 0.018244028091430664 1.0 1
2846 0.0186312198638916 1.0 1
2848 0.020586490631103516 1.0 1
2851 0.021032333374023438 1.0 1
2873 0.020796775817871094 1.0 1
2875 0.016443729400634766 1.0 1
2877 0.01893472671508789 1.0 1
2880 0.02102184295654297 1.0 1
2882 0.05895709991455078 1.0 1
2936 0.019533872604370117 1.0 1
2939 0.02007889747619629 1.0 1
2942 0.019075393676757812 1.0 1
2944 0.020020723342895508 1.0 1
2947 0.03144669532775879 1.0 1
2999 0.021271705627441406 1.0 1
3003 0.02148127555847168 1.0 1
3005 0.021351337432861328 1.0 1
3009 0.01999807357788086 1.0 1
3012 0.020424842834472656 1.0 1
3060 0.01977086067199707 1.0 1
3063 0.022063732147216797 1.0 1
3066 0.021146774291992188 1.0 1
3070 0.02203845977783203 1.0 1
3071 0.06592631340026855 1.0 1
3120 0.024934768676757812 1.0 1
3122 0.020913362503051758 1.0 1
3124 0.02057933807373047 1.0 1
3127 0.020717620849609375 1.0 1
3130 0.05103278160095215 1.0 1
3178 0.019198894500732422 1.0 1
3181 0.021558523178100586 1.0 1
3185 0.04408407211303711 1.0 1
3188 0.020657777786254883 1.0 1
3192 0.02365875244140625 1.0 1
3242 0.021853923797607422 1.0 1
3244 0.02109074592590332 1.0 1
3247 0.021971702575683594 1.0 1
3248 0.023990869522094727 1.0 1
3251 0.018901586532592773 1.0 1
3295 0.020009994506835938 1.0 1
3297 0.020930767059326172 1.0 1
3300 0.01892566680908203 1.0 1
3301 0.01935100555419922 1.0 1
3303 0.020685434341430664 1.0 1
3349 0.021996259689331055 1.0 1
3351 0.019186019897460938 1.0 1
3353 0.01566028594970703 1.0 1
3355 0.019502878189086914 1.0 1
3357 0.019168376922607422 1.0 1
3373 0.06042671203613281 1.0 1
3374 0.05931520462036133 1.0 1
3375 0.059955596923828125 1.0 1
3375 0.06243467330932617 1.0 1
3376 0.05455589294433594 1.0 1
3409 0.017594099044799805 1.0 1
3411 0.019564151763916016 1.0 1
3413 0.021588563919067383 1.0 1
3414 0.019778728485107422 1.0 1
3416 0.019092321395874023 1.0 1
3438 0.01972031593322754 1.0 1
3439 0.015872478485107422 1.0 1
3441 0.019469738006591797 1.0 1
3443 0.020016193389892578 1.0 1
3444 0.02664971351623535 1.0 1
3461 0.05373811721801758 1.0 1
3462 0.04935860633850098 1.0 1
3463 0.060697078704833984 1.0 1
3464 0.048325538635253906 1.0 1
3465 0.0804910659790039 1.0 1
3500 0.024850845336914062 1.0 1
3502 0.019388437271118164 1.0 1
3504 0.051405906677246094 1.0 1
3506 0.01795792579650879 1.0 1
3508 0.06142401695251465 1.0 1
3528 0.020693302154541016 1.0 1
3530 0.020554065704345703 1.0 1
3531 0.022412538528442383 1.0 1
3533 0.020545244216918945 1.0 1
3535 0.02655172348022461 1.0 1
3555 0.07347249984741211 1.0 1
3556 0.0613558292388916 1.0 1
3557 0.05339813232421875 1.0 1
3558 0.0575711727142334 1.0 1
3559 0.06501460075378418 1.0 1
3589 0.018673419952392578 1.0 1
3591 0.018524885177612305 1.0 1
3593 0.0187685489654541 1.0 1
3595 0.019551515579223633 1.0 1
3597 0.018142223358154297 1.0 1
12 0.05328249931335449 1.0 1
13 0.08261990547180176 1.0 1
14 0.008220672607421875 1.0 1
16 0.0071868896484375 1.0 1
17 0.07790184020996094 1.0 1
51 0.007321357727050781 1.0 1
53 0.010123729705810547 1.0 1
55 0.0070111751556396484 1.0 1
58 0.049005985260009766 1.0 1
60 0.005808353424072266 1.0 1
81 0.07578349113464355 1.0 1
82 0.007042407989501953 1.0 1
84 0.28308796882629395 1.0 1
86 0.006551980972290039 1.0 1
87 0.006501436233520508 1.0 1
111 0.013933658599853516 1.0 1
113 0.006615638732910156 1.0 1
115 0.0709688663482666 1.0 1
115 0.08294224739074707 1.0 1
116 0.005604267120361328 1.0 1
140 0.005933284759521484 1.0 1
142 0.0059051513671875 1.0 1
144 0.009051322937011719 1.0 1
146 0.0068776607513427734 1.0 1
148 0.0046846866607666016 1.0 1
171 0.018687963485717773 1.0 1
172 0.006151437759399414 1.0 1
173 0.007048606872558594 1.0 1
175 0.0062825679779052734 1.0 1
176 0.006488323211669922 1.0 1
193 0.03154802322387695 1.0 1
194 0.02200937271118164 1.0 1
195 0.021781206130981445 1.0 1
196 0.1381824016571045 1.0 1
197 0.08095550537109375 1.0 1
222 0.10543942451477051 1.0 1
224 0.02178812026977539 1.0 1
225 0.018930435180664062 1.0 1
226 0.15325498580932617 1.0 1
227 0.02228546142578125 1.0 1
257 0.06660270690917969 1.0 1
259 0.02083563804626465 1.0 1
260 0.0671393871307373 1.0 1
262 0.01747441291809082 1.0 1
263 0.06849002838134766 1.0 1
288 0.11068081855773926 1.0 1
289 0.02120804786682129 1.0 1
291 0.02057504653930664 1.0 1
292 0.06458306312561035 1.0 1
294 0.023322105407714844 1.0 1
323 0.04790639877319336 1.0 1
325 0.018485069274902344 1.0 1
327 0.021727323532104492 1.0 1
329 0.043349266052246094 1.0 1
332 0.020519256591796875 1.0 1
385 0.01935553550720215 1.0 1
388 0.021996259689331055 1.0 1
390 0.02077937126159668 1.0 1
393 0.019130229949951172 1.0 1
395 0.020008087158203125 1.0 1
448 0.0224301815032959 1.0 1
450 0.022405624389648438 1.0 1
452 0.02116703987121582 1.0 1
454 0.02228093147277832 1.0 1
457 0.020836591720581055 1.0 1
508 0.02693319320678711 1.0 1
511 0.01990818977355957 1.0 1
514 0.06614947319030762 1.0 1
516 0.022346019744873047 1.0 1
518 0.05257058143615723 1.0 1
565 0.019097566604614258 1.0 1
567 0.02184462547302246 1.0 1
569 0.019587039947509766 1.0 1
571 0.044506072998046875 1.0 1
573 0.021996259689331055 1.0 1
622 0.020855188369750977 1.0 1
624 0.020982742309570312 1.0 1
626 0.08716797828674316 1.0 1
629 0.020235061645507812 1.0 1
631 0.021198511123657227 1.0 1
654 0.021318435668945312 1.0 1
657 0.03785562515258789 1.0 1
659 0.03172755241394043 1.0 1
661 0.021729230880737305 1.0 1
663 0.02267909049987793 1.0 1
711 0.07808494567871094 1.0 1
713 0.02311563491821289 1.0 1
715 0.06383776664733887 1.0 1
717 0.019931554794311523 1.0 1
719 0.02248549461364746 1.0 1
739 0.05299806594848633 1.0 1
741 0.01985335350036621 1.0 1
742 0.020750999450683594 1.0 1
744 0.07187271118164062 1.0 1
746 0.019981861114501953 1.0 1
769 0.020272016525268555 1.0 1
771 0.08437275886535645 1.0 1
772 0.020119190216064453 1.0 1
774 0.06367754936218262 1.0 1
776 0.021558046340942383 1.0 1
798 0.03889799118041992 1.0 1
800 0.022454261779785156 1.0 1
802 0.07437705993652344 1.0 1
803 0.02272319793701172 1.0 1
805 0.07480120658874512 1.0 1
827 0.018147945404052734 1.0 1
829 0.020644187927246094 1.0 1
830 0.01945972442626953 1.0 1
832 0.017740726470947266 1.0 1
833 0.021070241928100586 1.0 1
857 0.021309375762939453 1.0 1
859 0.08079648017883301 1.0 1
860 0.021351337432861328 1.0 1
862 0.5821871757507324 1.0 1
864 0.02124500274658203 1.0 1
888 0.14136576652526855 1.0 1
889 0.10723710060119629 1.0 1
891 0.024241209030151367 1.0 1
892 0.07787632942199707 1.0 1
894 0.0922553539276123 1.0 1
919 0.04353189468383789 1.0 1
920 0.022108078002929688 1.0 1
922 0.022427082061767578 1.0 1
923 0.019402503967285156 1.0 1
925 0.03728008270263672 1.0 1
947 0.026211023330688477 1.0 1
948 0.023374557495117188 1.0 1
950 0.07131600379943848 1.0 1
951 0.09074640274047852 1.0 1
953 0.09559464454650879 1.0 1
979 0.0227510929107666 1.0 1
980 0.0745236873626709 1.0 1
982 0.08669161796569824 1.0 1
984 0.03948378562927246 1.0 1
985 0.04909062385559082 1.0 1
1009 0.020387887954711914 1.0 1
1010 0.020359039306640625 1.0 1
1012 0.07324409484863281 1.0 1
1014 0.02192211151123047 1.0 1
1016 0.1510329246520996 1.0 1
1038 0.0287477970123291 1.0 1
1040 0.07976102828979492 1.0 1
1041 0.02037978172302246 1.0 1
1043 0.08114480972290039 1.0 1
1044 0.018022537231445312 1.0 1
1069 0.032440185546875 1.0 1
1070 0.021841764450073242 1.0 1
1072 0.0214540958404541 1.0 1
1074 0.04575395584106445 1.0 1
1075 0.02358412742614746 1.0 1
1097 0.038825035095214844 1.0 1
1099 0.0215756893157959 1.0 1
1101 0.06709814071655273 1.0 1
1102 0.07989692687988281 1.0 1
1104 0.10875344276428223 1.0 1
1127 0.020340442657470703 1.0 1
1128 0.02123260498046875 1.0 1
1130 0.04590010643005371 1.0 1
1131 0.026033878326416016 1.0 1
1133 0.02188420295715332 1.0 1
1158 0.08634829521179199 1.0 1
1160 0.021625041961669922 1.0 1
1161 0.06776928901672363 1.0 1
1163 0.022176027297973633 1.0 1
1164 0.07529544830322266 1.0 1
1188 0.04659914970397949 1.0 1
1190 0.020836830139160156 1.0 1
1191 0.0657646656036377 1.0 1
1193 0.017610549926757812 1.0 1
1194 0.07187795639038086 1.0 1
1220 0.01272892951965332 1.0 1
1221 0.018416643142700195 1.0 1
1223 0.05798959732055664 1.0 1
1225 0.020462751388549805 1.0 1
1227 0.08538031578063965 1.0 1
1249 0.022708654403686523 1.0 1
1251 0.02518296241760254 1.0 1
1253 0.04483509063720703 1.0 1
1255 0.02821516990661621 1.0 1
1256 0.0687098503112793 1.0 1
1281 0.019757747650146484 1.0 1
1282 0.021659135818481445 1.0 1
1284 0.1085202693939209 1.0 1
1286 0.09928226470947266 1.0 1
1288 0.022296428680419922 1.0 1
1310 0.025195837020874023 1.0 1
1312 0.5918278694152832 1.0 1
1313 0.021216869354248047 1.0 1
1315 0.01900005340576172 1.0 1
1317 0.0596623420715332 1.0 1
1341 0.019781827926635742 1.0 1
1343 0.019450664520263672 1.0 1
1344 0.05841183662414551 1.0 1
1346 0.031525373458862305 1.0 1
1348 0.05175209045410156 1.0 1
1369 0.06900191307067871 1.0 1
1371 0.03855156898498535 1.0 1
1373 0.017642736434936523 1.0 1
1375 0.021369218826293945 1.0 1
1377 0.021970510482788086 1.0 1
1403 0.019575834274291992 1.0 1
1405 0.02162957191467285 1.0 1
1407 0.02770066261291504 1.0 1
1409 0.07073163986206055 1.0 1
1412 0.03731369972229004 1.0 1
1467 0.042159318923950195 1.0 1
1469 0.0241701602935791 1.0 1
1471 0.05700325965881348 1.0 1
1473 0.022362947463989258 1.0 1
1475 0.019008874893188477 1.0 1
1530 0.022209644317626953 1.0 1
1533 0.02367997169494629 1.0 1
1535 0.10396170616149902 1.0 1
1538 0.020256519317626953 1.0 1
1540 0.020416736602783203 1.0 1
1590 0.023070096969604492 1.0 1
1594 0.020950794219970703 1.0 1
1596 0.018854856491088867 1.0 1
1599 0.020057201385498047 1.0 1
1602 0.021357059478759766 1.0 1
1650 0.021327733993530273 1.0 1
1652 0.022655725479125977 1.0 1
1654 0.021483659744262695 1.0 1
1658 0.02251148223876953 1.0 1
1659 0.024652719497680664 1.0 1
1711 0.022486209869384766 1.0 1
1713 0.020462512969970703 1.0 1
1716 0.0225069522857666 1.0 1
1720 0.01820993423461914 1.0 1
1723 0.022668123245239258 1.0 1
1771 0.018555879592895508 1.0 1
1775 0.022480249404907227 1.0 1
1778 0.021958112716674805 1.0 1
1781 0.02491140365600586 1.0 1
1784 0.018898725509643555 1.0 1
1826 0.022654056549072266 1.0 1
1829 0.065826416015625 1.0 1
1831 0.02069568634033203 1.0 1
1833 0.020569562911987305 1.0 1
1835 0.058652639389038086 1.0 1
1880 0.02471780776977539 1.0 1
1881 0.020181655883789062 1.0 1
1883 0.022919178009033203 1.0 1
1884 0.02074432373046875 1.0 1
1886 0.03718209266662598 1.0 1
1909 0.07528066635131836 1.0 1
1911 0.023586511611938477 1.0 1
1912 0.023257732391357422 1.0 1
1914 0.04989457130432129 1.0 1
1916 0.08724856376647949 1.0 1
1936 0.0445857048034668 1.0 1
1938 0.021761178970336914 1.0 1
1940 0.07476258277893066 1.0 1
1941 0.018693923950195312 1.0 1
1942 0.020552873611450195 1.0 1
1966 0.10139822959899902 1.0 1
1967 0.02176976203918457 1.0 1
1969 0.08332467079162598 1.0 1
1970 0.02147984504699707 1.0 1
1972 0.021990060806274414 1.0 1
1996 0.029411792755126953 1.0 1
1997 0.10081076622009277 1.0 1
1998 0.017653942108154297 1.0 1
2000 0.013354301452636719 1.0 1
2001 0.06478428840637207 1.0 1
2026 0.021706104278564453 1.0 1
2028 0.014376640319824219 1.0 1
2029 0.020923376083374023 1.0 1
2030 0.028097867965698242 1.0 1
2032 0.022480249404907227 1.0 1
2058 0.019426345825195312 1.0 1
2060 0.02214360237121582 1.0 1
2061 0.07304811477661133 1.0 1
2063 0.0272979736328125 1.0 1
2064 0.018778085708618164 1.0 1
2088 0.020760774612426758 1.0 1
2089 0.02129364013671875 1.0 1
2091 0.05883431434631348 1.0 1
2092 0.020320653915405273 1.0 1
2094 0.07054352760314941 1.0 1
2118 0.13094043731689453 1.0 1
2119 0.019487380981445312 1.0 1
2121 0.021130084991455078 1.0 1
2122 0.019464731216430664 1.0 1
2124 0.01631474494934082 1.0 1
2148 0.07718539237976074 1.0 1
2150 0.020756959915161133 1.0 1
2151 0.018854618072509766 1.0 1
2153 0.047074079513549805 1.0 1
2154 0.017315149307250977 1.0 1
2177 0.021335363388061523 1.0 1
2179 0.06460905075073242 1.0 1
2180 0.021480560302734375 1.0 1
2182 0.07736539840698242 1.0 1
2183 0.018854618072509766 1.0 1
2207 0.03422093391418457 1.0 1
2208 0.023539304733276367 1.0 1
2210 0.07403302192687988 1.0 1
2211 0.18229007720947266 1.0 1
2213 0.09955263137817383 1.0 1
2236 0.02033519744873047 1.0 1
2238 0.019840478897094727 1.0 1
2239 0.020368099212646484 1.0 1
2241 0.0219571590423584 1.0 1
2242 0.019765377044677734 1.0 1
2267 0.051835060119628906 1.0 1
2268 0.019132375717163086 1.0 1
2269 0.07845568656921387 1.0 1
2271 0.017885923385620117 1.0 1
2272 0.023852109909057617 1.0 1
2297 0.02124953269958496 1.0 1
2298 0.07085847854614258 1.0 1
2300 0.02129983901977539 1.0 1
2302 0.06966900825500488 1.0 1
2303 0.03424859046936035 1.0 1
2327 0.02208995819091797 1.0 1
2329 0.16654181480407715 1.0 1
2330 0.10078167915344238 1.0 1
2332 0.022146224975585938 1.0 1
2333 0.08330225944519043 1.0 1
2357 0.011777877807617188 1.0 1
2358 0.022739648818969727 1.0 1
2360 0.09722781181335449 1.0 1
2361 0.024143457412719727 1.0 1
2363 0.025176525115966797 1.0 1
2387 0.02077794075012207 1.0 1
2388 0.021306514739990234 1.0 1
2390 0.026564359664916992 1.0 1
2391 0.09995293617248535 1.0 1
2393 0.0224611759185791 1.0 1
2418 0.026984214782714844 1.0 1
2420 0.020722627639770508 1.0 1
2421 0.056281089782714844 1.0 1
2423 0.0292208194732666 1.0 1
2424 0.021318912506103516 1.0 1
2448 0.03871726989746094 1.0 1
2449 0.021177053451538086 1.0 1
2451 0.022284507751464844 1.0 1
2453 0.1450340747833252 1.0 1
2454 0.020125865936279297 1.0 1
2477 0.02343297004699707 1.0 1
2479 0.0726010799407959 1.0 1
2480 0.022223949432373047 1.0 1
2482 0.16403555870056152 1.0 1
2483 0.01282811164855957 1.0 1
2507 0.02668619155883789 1.0 1
2508 0.018435239791870117 1.0 1
2510 0.08171939849853516 1.0 1
2511 0.0231931209564209 1.0 1
2513 0.02396559715270996 1.0 1
2534 0.029060840606689453 1.0 1
2535 0.08982419967651367 1.0 1
2537 0.09855985641479492 1.0 1
2538 0.020781993865966797 1.0 1
2539 0.06957554817199707 1.0 1
2564 0.07155323028564453 1.0 1
2565 0.09187841415405273 1.0 1
2566 0.07864975929260254 1.0 1
2568 0.09695196151733398 1.0 1
2569 0.021428585052490234 1.0 1
2594 0.28102731704711914 1.0 1
2595 0.021821975708007812 1.0 1
2596 0.07618093490600586 1.0 1
2597 0.022009611129760742 1.0 1
2599 0.060710906982421875 1.0 1
2624 0.11176753044128418 1.0 1
2625 0.022083044052124023 1.0 1
2626 0.0763845443725586 1.0 1
2627 0.09647703170776367 1.0 1
2629 0.02173638343811035 1.0 1
2655 0.02002739906311035 1.0 1
2657 0.020554780960083008 1.0 1
2658 0.04641079902648926 1.0 1
2660 0.020472288131713867 1.0 1
2661 0.023084640502929688 1.0 1
2686 0.03512883186340332 1.0 1
2687 0.0217130184173584 1.0 1
2689 0.11670374870300293 1.0 1
2690 0.5973777770996094 1.0 1
2691 0.019564390182495117 1.0 1
2717 0.03610491752624512 1.0 1
2719 0.08721470832824707 1.0 1
2720 0.02028369903564453 1.0 1
2722 0.07896208763122559 1.0 1
2723 0.023054838180541992 1.0 1
2748 0.04625391960144043 1.0 1
2749 0.020032167434692383 1.0 1
2751 0.07160520553588867 1.0 1
2753 0.013423442840576172 1.0 1
2754 0.02043938636779785 1.0 1
2778 0.021442174911499023 1.0 1
2780 0.06856560707092285 1.0 1
2781 0.024988174438476562 1.0 1
2783 0.06456804275512695 1.0 1
2784 0.10515260696411133 1.0 1
2808 0.05510973930358887 1.0 1
2810 0.019314050674438477 1.0 1
2811 0.019910097122192383 1.0 1
2813 0.032517194747924805 1.0 1
2815 0.09618067741394043 1.0 1
2841 0.09805417060852051 1.0 1
2843 0.03184199333190918 1.0 1
2844 0.06798052787780762 1.0 1
2846 0.021807193756103516 1.0 1
2848 0.024202823638916016 1.0 1
2871 0.02074885368347168 1.0 1
2872 0.019486188888549805 1.0 1
2874 0.02335834503173828 1.0 1
2876 0.0221707820892334 1.0 1
2878 0.021312713623046875 1.0 1
2902 0.01975536346435547 1.0 1
2905 0.18486356735229492 1.0 1
2907 0.01925349235534668 1.0 1
2909 0.02139592170715332 1.0 1
2911 0.055535316467285156 1.0 1
2934 0.021266698837280273 1.0 1
2936 0.02308511734008789 1.0 1
2938 0.08415770530700684 1.0 1
2940 0.020948171615600586 1.0 1
2943 0.02691364288330078 1.0 1
2995 0.022306442260742188 1.0 1
2998 0.0644378662109375 1.0 1
3000 0.0212252140045166 1.0 1
3002 0.020438194274902344 1.0 1
3005 0.023302555084228516 1.0 1
3060 0.0229189395904541 1.0 1
3063 0.019672393798828125 1.0 1
3066 0.02080845832824707 1.0 1
3069 0.02103900909423828 1.0 1
3073 0.02168440818786621 1.0 1
3123 0.021870851516723633 1.0 1
3126 0.07724809646606445 1.0 1
3128 0.02155923843383789 1.0 1
3131 0.07506179809570312 1.0 1
3135 0.02525162696838379 1.0 1
3177 0.022995948791503906 1.0 1
3180 0.0208282470703125 1.0 1
3183 0.021845102310180664 1.0 1
3185 0.021875858306884766 1.0 1
3188 0.019883155822753906 1.0 1
3236 0.43247008323669434 1.0 1
3238 0.02109813690185547 1.0 1
3241 0.020516157150268555 1.0 1
3243 0.020679950714111328 1.0 1
3245 0.018576383590698242 1.0 1
3295 0.07038068771362305 1.0 1
3297 0.01920628547668457 1.0 1
3298 0.02115607261657715 1.0 1
3300 0.04496431350708008 1.0 1
3302 0.016612529754638672 1.0 1
3350 0.08165192604064941 1.0 1
3351 0.021612882614135742 1.0 1
3353 0.06766343116760254 1.0 1
3355 0.08842992782592773 1.0 1
3356 0.10329246520996094 1.0 1
3375 0.03481912612915039 1.0 1
3377 0.023102998733520508 1.0 1
3378 0.16256165504455566 1.0 1
3380 0.023659467697143555 1.0 1
3381 0.02005767822265625 1.0 1
3405 0.02147221565246582 1.0 1
3407 0.03620314598083496 1.0 1
3409 0.02121281623840332 1.0 1
3410 0.08071494102478027 1.0 1
3412 0.017734289169311523 1.0 1
3435 0.05920004844665527 1.0 1
3436 0.09682750701904297 1.0 1
3437 0.10689282417297363 1.0 1
3439 0.0895388126373291 1.0 1
3440 0.022548913955688477 1.0 1
3465 0.026969194412231445 1.0 1
3466 0.024369478225708008 1.0 1
3467 0.053658485412597656 1.0 1
3468 0.02008509635925293 1.0 1
3469 0.16803669929504395 1.0 1
3496 0.02313232421875 1.0 1
3498 0.040250539779663086 1.0 1
3499 0.019499778747558594 1.0 1
3501 0.10034775733947754 1.0 1
3502 0.021526336669921875 1.0 1
3526 0.05068159103393555 1.0 1
3527 0.02056097984313965 1.0 1
3529 0.019869327545166016 1.0 1
3530 0.05266070365905762 1.0 1
3532 0.01915740966796875 1.0 1
3557 0.03860664367675781 1.0 1
3559 0.10548996925354004 1.0 1
3560 0.022637605667114258 1.0 1
3561 0.07432818412780762 1.0 1
3563 0.02523970603942871 1.0 1
3588 0.03660845756530762 1.0 1
3589 0.020714759826660156 1.0 1
3591 0.020951271057128906 1.0 1
3592 0.0392000675201416 1.0 1
3594 0.10501337051391602 1.0 1
13 0.012475967407226562 1.0 1
14 0.09443306922912598 1.0 1
16 0.006583690643310547 1.0 1
18 0.010167598724365234 1.0 1
20 0.006623744964599609 1.0 1
52 0.007730007171630859 1.0 1
54 0.006756782531738281 1.0 1
56 0.07235288619995117 1.0 1
58 0.00657200813293457 1.0 1
60 0.016663789749145508 1.0 1
81 0.006092548370361328 1.0 1
82 0.007651329040527344 1.0 1
84 0.006906747817993164 1.0 1
86 0.006706953048706055 1.0 1
88 0.006005764007568359 1.0 1
113 0.0414881706237793 1.0 1
114 0.10023164749145508 1.0 1
115 0.007318019866943359 1.0 1
117 0.007170438766479492 1.0 1
119 0.007749795913696289 1.0 1
140 0.005395650863647461 1.0 1
141 0.011224985122680664 1.0 1
143 0.00562286376953125 1.0 1
145 0.004603147506713867 1.0 1
148 0.005583763122558594 1.0 1
172 0.07218527793884277 1.0 1
173 0.005783557891845703 1.0 1
175 0.08976030349731445 1.0 1
176 0.005706787109375 1.0 1
177 0.005408763885498047 1.0 1
193 0.09447288513183594 1.0 1
194 0.09553647041320801 1.0 1
195 0.08944582939147949 1.0 1
196 0.10092473030090332 1.0 1
197 0.021300554275512695 1.0 1
224 0.06516838073730469 1.0 1
225 0.020003318786621094 1.0 1
227 0.0743248462677002 1.0 1
228 0.021581649780273438 1.0 1
229 0.07256293296813965 1.0 1
258 0.02165985107421875 1.0 1
260 0.028704404830932617 1.0 1
261 0.08710122108459473 1.0 1
263 0.11333847045898438 1.0 1
264 0.021622657775878906 1.0 1
288 0.06295585632324219 1.0 1
289 0.09547567367553711 1.0 1
291 0.024616003036499023 1.0 1
293 0.06474637985229492 1.0 1
294 0.02085590362548828 1.0 1
325 0.02187204360961914 1.0 1
327 0.020510435104370117 1.0 1
329 0.019992351531982422 1.0 1
330 0.058989763259887695 1.0 1
332 0.02249908447265625 1.0 1
384 0.025392770767211914 1.0 1
386 0.019922494888305664 1.0 1
388 0.0370478630065918 1.0 1
391 0.030343055725097656 1.0 1
393 0.022657155990600586 1.0 1
446 0.02070307731628418 1.0 1
448 0.021396398544311523 1.0 1
450 0.021210432052612305 1.0 1
452 0.01950979232788086 1.0 1
455 0.031792402267456055 1.0 1
508 0.02443718910217285 1.0 1
511 0.021285295486450195 1.0 1
514 0.024404048919677734 1.0 1
516 0.02113175392150879 1.0 1
518 0.022812366485595703 1.0 1
566 0.02000260353088379 1.0 1
568 0.022065162658691406 1.0 1
571 0.021262645721435547 1.0 1
573 0.04494619369506836 1.0 1
575 0.02231621742248535 1.0 1
625 0.09019780158996582 1.0 1
627 0.022051334381103516 1.0 1
629 0.036102294921875 1.0 1
631 0.037320613861083984 1.0 1
634 0.021398544311523438 1.0 1
681 0.039566993713378906 1.0 1
682 0.02350139617919922 1.0 1
685 0.06885480880737305 1.0 1
687 0.018987655639648438 1.0 1
689 0.018749713897705078 1.0 1
711 0.0435178279876709 1.0 1
713 0.02269601821899414 1.0 1
715 0.06522274017333984 1.0 1
717 0.024324417114257812 1.0 1
718 0.020693063735961914 1.0 1
739 0.02854466438293457 1.0 1
740 0.0233156681060791 1.0 1
742 0.06825685501098633 1.0 1
744 0.08411598205566406 1.0 1
745 0.022307634353637695 1.0 1
769 0.023021936416625977 1.0 1
770 0.04616856575012207 1.0 1
772 0.08609437942504883 1.0 1
773 0.02582526206970215 1.0 1
775 0.07739520072937012 1.0 1
798 0.02142643928527832 1.0 1
799 0.037117958068847656 1.0 1
801 0.023601770401000977 1.0 1
802 0.06114625930786133 1.0 1
804 0.02161717414855957 1.0 1
828 0.02022719383239746 1.0 1
830 0.06068754196166992 1.0 1
831 0.08990335464477539 1.0 1
833 0.025194883346557617 1.0 1
835 0.08003783226013184 1.0 1
857 0.06647515296936035 1.0 1
858 0.02244424819946289 1.0 1
860 0.0687873363494873 1.0 1
861 0.09415411949157715 1.0 1
863 0.023629188537597656 1.0 1
888 0.027786731719970703 1.0 1
889 0.0785973072052002 1.0 1
891 0.10936808586120605 1.0 1
893 0.020108938217163086 1.0 1
894 0.07098865509033203 1.0 1
918 0.021445274353027344 1.0 1
920 0.0223233699798584 1.0 1
922 0.05271744728088379 1.0 1
923 0.0195465087890625 1.0 1
925 0.05645036697387695 1.0 1
947 0.11753201484680176 1.0 1
949 0.0892951488494873 1.0 1
951 0.09438657760620117 1.0 1
952 0.021073102951049805 1.0 1
953 0.022240638732910156 1.0 1
978 0.07384848594665527 1.0 1
980 0.024841785430908203 1.0 1
982 0.02117013931274414 1.0 1
983 0.04059195518493652 1.0 1
985 0.0915520191192627 1.0 1
1009 0.057436466217041016 1.0 1
1011 0.02208876609802246 1.0 1
1012 0.022202491760253906 1.0 1
1014 0.04991006851196289 1.0 1
1016 0.08290243148803711 1.0 1
1038 0.021440744400024414 1.0 1
1040 0.022626399993896484 1.0 1
1042 0.023543834686279297 1.0 1
1043 0.019970417022705078 1.0 1
1045 0.08550715446472168 1.0 1
1069 0.059026479721069336 1.0 1
1070 0.025284290313720703 1.0 1
1072 0.014052152633666992 1.0 1
1073 0.061483144760131836 1.0 1
1075 0.02039623260498047 1.0 1
1097 0.037155866622924805 1.0 1
1099 0.08369064331054688 1.0 1
1100 0.020725488662719727 1.0 1
1102 0.025145530700683594 1.0 1
1103 0.05298590660095215 1.0 1
1127 0.06718182563781738 1.0 1
1128 0.11003684997558594 1.0 1
1130 0.019930124282836914 1.0 1
1131 0.07060837745666504 1.0 1
1133 0.023909568786621094 1.0 1
1157 0.0169069766998291 1.0 1
1159 0.08260226249694824 1.0 1
1160 0.018977880477905273 1.0 1
1162 0.06743192672729492 1.0 1
1163 0.09894919395446777 1.0 1
1188 0.022565126419067383 1.0 1
1189 0.019438505172729492 1.0 1
1191 0.0695791244506836 1.0 1
1192 0.0173189640045166 1.0 1
1194 0.08137273788452148 1.0 1
1219 0.0327150821685791 1.0 1
1221 0.08769798278808594 1.0 1
1223 0.01956629753112793 1.0 1
1225 0.022722482681274414 1.0 1
1227 0.020456790924072266 1.0 1
1249 0.01872086524963379 1.0 1
1250 0.08922147750854492 1.0 1
1252 0.020496845245361328 1.0 1
1254 0.059662580490112305 1.0 1
1256 0.020248889923095703 1.0 1
1280 0.022331714630126953 1.0 1
1281 0.12196850776672363 1.0 1
1283 0.016458988189697266 1.0 1
1285 0.022394418716430664 1.0 1
1287 0.023125886917114258 1.0 1
1310 0.023861169815063477 1.0 1
1312 0.08377432823181152 1.0 1
1314 0.10746359825134277 1.0 1
1315 0.024718523025512695 1.0 1
1317 0.02022266387939453 1.0 1
1340 0.140425443649292 1.0 1
1342 0.022145986557006836 1.0 1
1344 0.02225971221923828 1.0 1
1345 0.046983957290649414 1.0 1
1347 0.021819353103637695 1.0 1
1370 0.043379783630371094 1.0 1
1372 0.09608340263366699 1.0 1
1374 0.08789777755737305 1.0 1
1376 0.02234625816345215 1.0 1
1378 0.1709434986114502 1.0 1
1402 0.020598173141479492 1.0 1
1404 0.022027015686035156 1.0 1
1406 0.07792997360229492 1.0 1
1408 0.016147136688232422 1.0 1
1411 0.06856155395507812 1.0 1
1433 0.02425670623779297 1.0 1
1436 0.02608323097229004 1.0 1
1438 0.02268195152282715 1.0 1
1440 0.021174907684326172 1.0 1
1442 0.02360677719116211 1.0 1
1496 0.021988391876220703 1.0 1
1498 0.02172231674194336 1.0 1
1500 0.057300567626953125 1.0 1
1502 0.024903059005737305 1.0 1
1505 0.022397279739379883 1.0 1
1560 0.02252507209777832 1.0 1
1563 0.023281335830688477 1.0 1
1566 0.024278640747070312 1.0 1
1569 0.021982192993164062 1.0 1
1572 0.03782796859741211 1.0 1
1624 0.021721601486206055 1.0 1
1628 0.024214744567871094 1.0 1
1631 0.022178173065185547 1.0 1
1633 0.02480316162109375 1.0 1
1635 0.022780895233154297 1.0 1
1681 0.023055315017700195 1.0 1
1684 0.021857738494873047 1.0 1
1688 0.02505326271057129 1.0 1
1691 0.022374391555786133 1.0 1
1694 0.025290250778198242 1.0 1
1740 0.02196025848388672 1.0 1
1742 0.022431612014770508 1.0 1
1745 0.02258753776550293 1.0 1
1748 0.02356743812561035 1.0 1
1750 0.021607637405395508 1.0 1
1800 0.021944522857666016 1.0 1
1802 0.02408742904663086 1.0 1
1804 0.022214651107788086 1.0 1
1806 0.15277719497680664 1.0 1
1808 0.022730112075805664 1.0 1
1853 0.03146004676818848 1.0 1
1856 0.02234482765197754 1.0 1
1858 0.022986412048339844 1.0 1
1860 0.12655234336853027 1.0 1
1862 0.021028518676757812 1.0 1
1909 0.01990985870361328 1.0 1
1911 0.05208539962768555 1.0 1
1913 0.03138113021850586 1.0 1
1915 0.06588625907897949 1.0 1
1916 0.02275824546813965 1.0 1
1936 0.06972050666809082 1.0 1
1938 0.08639693260192871 1.0 1
1939 0.21477818489074707 1.0 1
1940 0.02576613426208496 1.0 1
1942 0.019069433212280273 1.0 1
1966 0.02307748794555664 1.0 1
1967 0.06525588035583496 1.0 1
1969 0.10117292404174805 1.0 1
1970 0.39568042755126953 1.0 1
1972 0.018381595611572266 1.0 1
1996 0.09165573120117188 1.0 1
1997 0.023835182189941406 1.0 1
1998 0.022429466247558594 1.0 1
2000 0.058924198150634766 1.0 1
2001 0.02174854278564453 1.0 1
2026 0.023012399673461914 1.0 1
2027 0.0617976188659668 1.0 1
2028 0.0905921459197998 1.0 1
2030 0.02373337745666504 1.0 1
2031 0.024127721786499023 1.0 1
2057 0.02338886260986328 1.0 1
2059 0.07126641273498535 1.0 1
2060 0.023433685302734375 1.0 1
2062 0.06889653205871582 1.0 1
2063 0.023501873016357422 1.0 1
2088 0.03929924964904785 1.0 1
2089 0.022614002227783203 1.0 1
2091 0.022162199020385742 1.0 1
2092 0.04575777053833008 1.0 1
2094 0.02296900749206543 1.0 1
2118 0.057938337326049805 1.0 1
2119 0.023839712142944336 1.0 1
2121 0.02405714988708496 1.0 1
2123 0.13260483741760254 1.0 1
2124 0.09173250198364258 1.0 1
2148 0.38324618339538574 1.0 1
2149 0.07849478721618652 1.0 1
2151 0.019209623336791992 1.0 1
2152 0.022524118423461914 1.0 1
2154 0.022878408432006836 1.0 1
2177 0.021366596221923828 1.0 1
2178 0.16892409324645996 1.0 1
2180 0.0228426456451416 1.0 1
2181 0.023090600967407227 1.0 1
2183 0.021677017211914062 1.0 1
2208 0.0224151611328125 1.0 1
2209 0.026775836944580078 1.0 1
2211 0.01772451400756836 1.0 1
2212 0.07612180709838867 1.0 1
2214 0.07899928092956543 1.0 1
2237 0.02446293830871582 1.0 1
2238 0.021610021591186523 1.0 1
2240 0.019313573837280273 1.0 1
2241 0.04468035697937012 1.0 1
2243 0.021809101104736328 1.0 1
2266 0.025170087814331055 1.0 1
2268 0.16390323638916016 1.0 1
2269 0.019728899002075195 1.0 1
2271 0.02245640754699707 1.0 1
2272 0.039227962493896484 1.0 1
2297 0.020992040634155273 1.0 1
2298 0.02187633514404297 1.0 1
2300 0.053011178970336914 1.0 1
2301 0.023802757263183594 1.0 1
2303 0.08213138580322266 1.0 1
2327 0.06491398811340332 1.0 1
2328 0.015803098678588867 1.0 1
2330 0.06581902503967285 1.0 1
2331 0.024585723876953125 1.0 1
2333 0.16767191886901855 1.0 1
2358 0.10331082344055176 1.0 1
2359 0.014287710189819336 1.0 1
2360 0.025116920471191406 1.0 1
2362 0.16205120086669922 1.0 1
2363 0.027693510055541992 1.0 1
2388 0.026525020599365234 1.0 1
2389 0.10466980934143066 1.0 1
2391 0.023298978805541992 1.0 1
2392 0.061364173889160156 1.0 1
2393 0.022942066192626953 1.0 1
2418 0.020915746688842773 1.0 1
2419 0.023668766021728516 1.0 1
2421 0.023577451705932617 1.0 1
2422 0.019215822219848633 1.0 1
2424 0.04668617248535156 1.0 1
2448 0.021965980529785156 1.0 1
2449 0.025893449783325195 1.0 1
2451 0.02050948143005371 1.0 1
2452 0.021324634552001953 1.0 1
2454 0.06876325607299805 1.0 1
2477 0.04044842720031738 1.0 1
2478 0.02172565460205078 1.0 1
2480 0.08022212982177734 1.0 1
2481 0.02135467529296875 1.0 1
2482 0.07643437385559082 1.0 1
2507 0.03310036659240723 1.0 1
2509 0.022153139114379883 1.0 1
2510 0.05706000328063965 1.0 1
2512 0.09696745872497559 1.0 1
2513 0.0231020450592041 1.0 1
2534 0.05308794975280762 1.0 1
2535 0.021913766860961914 1.0 1
2537 0.15331149101257324 1.0 1
2538 0.10602116584777832 1.0 1
2539 0.024456501007080078 1.0 1
2564 0.06084728240966797 1.0 1
2566 0.08613991737365723 1.0 1
2567 0.023616313934326172 1.0 1
2568 0.08768486976623535 1.0 1
2569 0.02566242218017578 1.0 1
2594 0.022349834442138672 1.0 1
2595 0.08255863189697266 1.0 1
2596 0.020200729370117188 1.0 1
2598 0.08260750770568848 1.0 1
2599 0.10010671615600586 1.0 1
2624 0.06407403945922852 1.0 1
2626 0.08352231979370117 1.0 1
2627 0.021726608276367188 1.0 1
2628 0.06616687774658203 1.0 1
2629 0.09300017356872559 1.0 1
2656 0.022570371627807617 1.0 1
2657 0.022138118743896484 1.0 1
2659 0.055588722229003906 1.0 1
2660 0.023964643478393555 1.0 1
2662 0.1694638729095459 1.0 1
2687 0.022119760513305664 1.0 1
2688 0.08060717582702637 1.0 1
2690 0.02020430564880371 1.0 1
2691 0.023215055465698242 1.0 1
2692 0.0555422306060791 1.0 1
2717 0.024500370025634766 1.0 1
2718 0.012327909469604492 1.0 1
2720 0.03399062156677246 1.0 1
2721 0.023375988006591797 1.0 1
2723 0.08247232437133789 1.0 1
2746 0.02840733528137207 1.0 1
2748 0.02356123924255371 1.0 1
2750 0.1597428321838379 1.0 1
2751 0.020811080932617188 1.0 1
2753 0.07921004295349121 1.0 1
2778 0.09871363639831543 1.0 1
2779 0.02196192741394043 1.0 1
2781 0.021225690841674805 1.0 1
2783 0.047272443771362305 1.0 1
2784 0.10651040077209473 1.0 1
2808 0.0220181941986084 1.0 1
2809 0.020960330963134766 1.0 1
2811 0.023079633712768555 1.0 1
2812 0.04759836196899414 1.0 1
2814 0.10078930854797363 1.0 1
2839 0.020607948303222656 1.0 1
2841 0.02223348617553711 1.0 1
2843 0.05183076858520508 1.0 1
2845 0.09971284866333008 1.0 1
2847 0.020623445510864258 1.0 1
2870 0.024919509887695312 1.0 1
2872 0.09203910827636719 1.0 1
2874 0.02326202392578125 1.0 1
2876 0.02239823341369629 1.0 1
2878 0.023586273193359375 1.0 1
2903 0.023888111114501953 1.0 1
2906 0.023511648178100586 1.0 1
2908 0.02110147476196289 1.0 1
2910 0.045915842056274414 1.0 1
2912 0.021440505981445312 1.0 1
2968 0.022644996643066406 1.0 1
2970 0.07732033729553223 1.0 1
2972 0.020768165588378906 1.0 1
2975 0.07507896423339844 1.0 1
2978 0.08849763870239258 1.0 1
3031 0.022883892059326172 1.0 1
3033 0.03523588180541992 1.0 1
3035 0.021938800811767578 1.0 1
3038 0.024662256240844727 1.0 1
3040 0.018007755279541016 1.0 1
3087 0.022672176361083984 1.0 1
3089 0.01999831199645996 1.0 1
3092 0.021778106689453125 1.0 1
3094 0.02135181427001953 1.0 1
3096 0.019866943359375 1.0 1
3153 0.021114110946655273 1.0 1
3156 0.023577451705932617 1.0 1
3158 0.022604703903198242 1.0 1
3161 0.13530778884887695 1.0 1
3163 0.023176908493041992 1.0 1
3208 0.0395658016204834 1.0 1
3211 0.0828855037689209 1.0 1
3213 0.022988080978393555 1.0 1
3216 0.021896839141845703 1.0 1
3219 0.02155017852783203 1.0 1
3264 0.02203369140625 1.0 1
3267 0.26980090141296387 1.0 1
3269 0.018125534057617188 1.0 1
3271 0.021687030792236328 1.0 1
3273 0.06960248947143555 1.0 1
3319 0.03386187553405762 1.0 1
3321 0.022247314453125 1.0 1
3323 0.02295541763305664 1.0 1
3324 0.03292584419250488 1.0 1
3326 0.025257587432861328 1.0 1
3349 0.020966291427612305 1.0 1
3351 0.08488965034484863 1.0 1
3353 0.06657123565673828 1.0 1
3355 0.021516799926757812 1.0 1
3357 0.07750177383422852 1.0 1
3375 0.0815887451171875 1.0 1
3377 0.013526678085327148 1.0 1
3378 0.021587610244750977 1.0 1
3379 0.017290115356445312 1.0 1
3381 0.02306842803955078 1.0 1
3405 0.08403968811035156 1.0 1
3406 0.02297210693359375 1.0 1
3408 0.020703792572021484 1.0 1
3409 0.050516605377197266 1.0 1
3411 0.08562493324279785 1.0 1
3434 0.0742039680480957 1.0 1
3435 0.011916399002075195 1.0 1
3437 0.020565509796142578 1.0 1
3438 0.05522584915161133 1.0 1
3439 0.08479475975036621 1.0 1
3464 0.0591130256652832 1.0 1
3466 0.021317005157470703 1.0 1
3467 0.06340599060058594 1.0 1
3468 0.01917266845703125 1.0 1
3469 0.021384000778198242 1.0 1
3496 0.027620315551757812 1.0 1
3498 0.0884706974029541 1.0 1
3499 0.026810646057128906 1.0 1
3500 0.05582904815673828 1.0 1
3502 0.11326980590820312 1.0 1
3526 0.057830095291137695 1.0 1
3528 0.02156853675842285 1.0 1
3529 0.07791852951049805 1.0 1
3531 0.022826671600341797 1.0 1
3532 0.01930975914001465 1.0 1
3557 0.016244888305664062 1.0 1
3559 0.020934104919433594 1.0 1
3560 0.03747200965881348 1.0 1
3562 0.020616531372070312 1.0 1
3563 0.02320718765258789 1.0 1
3587 0.07932710647583008 1.0 1
3588 0.08276200294494629 1.0 1
3590 0.02178359031677246 1.0 1
3591 0.01786327362060547 1.0 1
3593 0.06090569496154785 1.0 1
13 0.030235767364501953 1.0 1
14 0.0061686038970947266 1.0 1
16 0.08371925354003906 1.0 1
18 0.007901191711425781 1.0 1
19 0.005404233932495117 1.0 1
51 0.005244016647338867 1.0 1
53 0.005518674850463867 1.0 1
55 0.0063037872314453125 1.0 1
57 0.008969783782958984 1.0 1
59 0.06499290466308594 1.0 1
79 0.006282329559326172 1.0 1
81 0.005875587463378906 1.0 1
83 0.005751848220825195 1.0 1
86 0.00933384895324707 1.0 1
88 0.008708715438842773 1.0 1
113 0.0053365230560302734 1.0 1
115 0.07150721549987793 1.0 1
116 0.007298469543457031 1.0 1
117 0.0783379077911377 1.0 1
119 0.0070650577545166016 1.0 1
139 0.030200958251953125 1.0 1
141 0.008219718933105469 1.0 1
142 0.07156825065612793 1.0 1
144 0.006730556488037109 1.0 1
147 0.08346962928771973 1.0 1
172 0.008225440979003906 1.0 1
173 0.0615694522857666 1.0 1
174 0.0059702396392822266 1.0 1
175 0.006431102752685547 1.0 1
177 0.00653839111328125 1.0 1
193 0.06724262237548828 1.0 1
194 0.018880605697631836 1.0 1
195 0.05749344825744629 1.0 1
196 0.10452961921691895 1.0 1
197 0.09677839279174805 1.0 1
225 0.022675514221191406 1.0 1
226 0.021542072296142578 1.0 1
227 0.05353569984436035 1.0 1
229 0.020771026611328125 1.0 1
230 0.021035194396972656 1.0 1
258 0.04667973518371582 1.0 1
259 0.01677417755126953 1.0 1
261 0.020096540451049805 1.0 1
263 0.057128190994262695 1.0 1
264 0.021314620971679688 1.0 1
288 0.08861446380615234 1.0 1
289 0.08617115020751953 1.0 1
290 0.0183103084564209 1.0 1
292 0.0224151611328125 1.0 1
294 0.06348943710327148 1.0 1
323 0.023037433624267578 1.0 1
325 0.021674156188964844 1.0 1
327 0.01981639862060547 1.0 1
329 0.01847052574157715 1.0 1
331 0.020821094512939453 1.0 1
353 0.03387188911437988 1.0 1
355 0.019489288330078125 1.0 1
357 0.0698096752166748 1.0 1
359 0.025899171829223633 1.0 1
362 0.07077336311340332 1.0 1
416 0.022283077239990234 1.0 1
418 0.03973889350891113 1.0 1
420 0.020921945571899414 1.0 1
422 0.03337812423706055 1.0 1
425 0.02281332015991211 1.0 1
478 0.03766298294067383 1.0 1
480 0.022855520248413086 1.0 1
483 0.0222775936126709 1.0 1
485 0.020601749420166016 1.0 1
487 0.025890111923217773 1.0 1
535 0.023085832595825195 1.0 1
538 0.021060705184936523 1.0 1
541 0.020362138748168945 1.0 1
543 0.024338722229003906 1.0 1
545 0.02378559112548828 1.0 1
597 0.02160811424255371 1.0 1
599 0.021432876586914062 1.0 1
602 0.020453214645385742 1.0 1
604 0.022251605987548828 1.0 1
607 0.020907878875732422 1.0 1
656 0.02101302146911621 1.0 1
658 0.024513721466064453 1.0 1
660 0.01766180992126465 1.0 1
662 0.02170729637145996 1.0 1
664 0.019658565521240234 1.0 1
712 0.024319171905517578 1.0 1
713 0.02213740348815918 1.0 1
715 0.021938800811767578 1.0 1
717 0.02199697494506836 1.0 1
719 0.03727126121520996 1.0 1
739 0.05426216125488281 1.0 1
740 0.021470308303833008 1.0 1
742 0.020994901657104492 1.0 1
744 0.019286155700683594 1.0 1
745 0.1431140899658203 1.0 1
768 0.022973060607910156 1.0 1
770 0.07487034797668457 1.0 1
771 0.01889324188232422 1.0 1
773 0.01999640464782715 1.0 1
774 0.02218341827392578 1.0 1
798 0.09079909324645996 1.0 1
800 0.023531436920166016 1.0 1
801 0.023731470108032227 1.0 1
803 0.04142045974731445 1.0 1
805 0.02191305160522461 1.0 1
827 0.04642176628112793 1.0 1
829 0.01992630958557129 1.0 1
831 0.013654232025146484 1.0 1
832 0.057361602783203125 1.0 1
834 0.03407597541809082 1.0 1
857 0.020519018173217773 1.0 1
859 0.022232770919799805 1.0 1
860 0.024774789810180664 1.0 1
862 0.11690163612365723 1.0 1
864 0.021193265914916992 1.0 1
887 0.025124788284301758 1.0 1
889 0.019559144973754883 1.0 1
890 0.02071404457092285 1.0 1
891 0.02495574951171875 1.0 1
893 0.022028446197509766 1.0 1
919 0.019978761672973633 1.0 1
921 0.0227506160736084 1.0 1
922 0.14279842376708984 1.0 1
924 0.019942283630371094 1.0 1
926 0.07503032684326172 1.0 1
947 0.04051089286804199 1.0 1
949 0.018486976623535156 1.0 1
951 0.07718539237976074 1.0 1
952 0.024499893188476562 1.0 1
954 0.018693923950195312 1.0 1
979 0.021045207977294922 1.0 1
981 0.032381534576416016 1.0 1
982 0.025194168090820312 1.0 1
984 0.02261662483215332 1.0 1
986 0.04632258415222168 1.0 1
1010 0.06968283653259277 1.0 1
1011 0.019805192947387695 1.0 1
1013 0.02324080467224121 1.0 1
1015 0.020267724990844727 1.0 1
1017 0.025817155838012695 1.0 1
1038 0.11047506332397461 1.0 1
1040 0.0211489200592041 1.0 1
1042 0.07320308685302734 1.0 1
1043 0.08740377426147461 1.0 1
1045 0.02269577980041504 1.0 1
1068 0.02213430404663086 1.0 1
1070 0.025582313537597656 1.0 1
1071 0.022199630737304688 1.0 1
1073 0.020975351333618164 1.0 1
1075 0.018892526626586914 1.0 1
1098 0.02095651626586914 1.0 1
1100 0.04485583305358887 1.0 1
1101 0.018932580947875977 1.0 1
1103 0.02289581298828125 1.0 1
1104 0.06387138366699219 1.0 1
1127 0.04003500938415527 1.0 1
1128 0.0199429988861084 1.0 1
1130 0.016994714736938477 1.0 1
1132 0.058623552322387695 1.0 1
1133 0.023201942443847656 1.0 1
1157 0.01976919174194336 1.0 1
1159 0.11308431625366211 1.0 1
1161 0.020559310913085938 1.0 1
1162 0.06739425659179688 1.0 1
1164 0.09746384620666504 1.0 1
1188 0.023003101348876953 1.0 1
1189 0.0743856430053711 1.0 1
1191 0.0850675106048584 1.0 1
1193 0.0985863208770752 1.0 1
1194 0.021001815795898438 1.0 1
1220 0.02022576332092285 1.0 1
1222 0.07824444770812988 1.0 1
1224 0.01925492286682129 1.0 1
1226 0.08861804008483887 1.0 1
1228 0.020837068557739258 1.0 1
1250 0.02225494384765625 1.0 1
1252 0.02378249168395996 1.0 1
1254 0.02201056480407715 1.0 1
1255 0.02273702621459961 1.0 1
1257 0.020726680755615234 1.0 1
1281 0.04783987998962402 1.0 1
1283 0.022599458694458008 1.0 1
1284 0.02036285400390625 1.0 1
1286 0.03686213493347168 1.0 1
1288 0.01904439926147461 1.0 1
1310 0.044304609298706055 1.0 1
1312 0.213181734085083 1.0 1
1313 0.08957648277282715 1.0 1
1315 0.021146774291992188 1.0 1
1317 0.021439790725708008 1.0 1
1341 0.04528188705444336 1.0 1
1343 0.02141880989074707 1.0 1
1344 0.020663976669311523 1.0 1
1346 0.02944183349609375 1.0 1
1348 0.020306110382080078 1.0 1
1370 0.018642425537109375 1.0 1
1371 0.032398223876953125 1.0 1
1373 0.015914201736450195 1.0 1
1375 0.021107912063598633 1.0 1
1377 0.06829261779785156 1.0 1
1404 0.018363237380981445 1.0 1
1406 0.022160768508911133 1.0 1
1408 0.0214540958404541 1.0 1
1410 0.020070791244506836 1.0 1
1412 0.02194976806640625 1.0 1
1465 0.025713205337524414 1.0 1
1468 0.021026611328125 1.0 1
1470 0.020020484924316406 1.0 1
1473 0.0902259349822998 1.0 1
1475 0.02084517478942871 1.0 1
1529 0.022031545639038086 1.0 1
1531 0.022637367248535156 1.0 1
1533 0.022342205047607422 1.0 1
1535 0.02291727066040039 1.0 1
1539 0.0325469970703125 1.0 1
1590 0.02108311653137207 1.0 1
1592 0.02252030372619629 1.0 1
1595 0.020759105682373047 1.0 1
1598 0.0240476131439209 1.0 1
1602 0.020197391510009766 1.0 1
1651 0.02330493927001953 1.0 1
1654 0.03669118881225586 1.0 1
1659 0.02173924446105957 1.0 1
1661 0.020839452743530273 1.0 1
1666 0.040090084075927734 1.0 1
1710 0.0217893123626709 1.0 1
1712 0.02360844612121582 1.0 1
1714 0.02097773551940918 1.0 1
1717 0.021289825439453125 1.0 1
1718 0.021649837493896484 1.0 1
1770 0.022171497344970703 1.0 1
1772 0.024733781814575195 1.0 1
1774 0.019605398178100586 1.0 1
1777 0.020240306854248047 1.0 1
1779 0.02083563804626465 1.0 1
1825 0.023369550704956055 1.0 1
1827 0.038445234298706055 1.0 1
1829 0.022278785705566406 1.0 1
1832 0.07569456100463867 1.0 1
1833 0.019964218139648438 1.0 1
1880 0.09136605262756348 1.0 1
1882 0.02327108383178711 1.0 1
1883 0.0809469223022461 1.0 1
1885 0.019778728485107422 1.0 1
1887 0.08814001083374023 1.0 1
1910 0.01973414421081543 1.0 1
1912 0.10090804100036621 1.0 1
1913 0.02256608009338379 1.0 1
1915 0.020889759063720703 1.0 1
1917 0.04001474380493164 1.0 1
1937 0.06238603591918945 1.0 1
1938 0.20401692390441895 1.0 1
1940 0.02166152000427246 1.0 1
1941 0.02164173126220703 1.0 1
1943 0.021338462829589844 1.0 1
1966 0.06871724128723145 1.0 1
1968 0.021814584732055664 1.0 1
1969 0.02167534828186035 1.0 1
1971 0.0462954044342041 1.0 1
1972 0.0838172435760498 1.0 1
1996 0.21757292747497559 1.0 1
1997 0.019911766052246094 1.0 1
1999 0.01682114601135254 1.0 1
2000 0.014800071716308594 1.0 1
2002 0.04961228370666504 1.0 1
2026 0.02403712272644043 1.0 1
2027 0.018792390823364258 1.0 1
2029 0.0641026496887207 1.0 1
2030 0.08792424201965332 1.0 1
2031 0.02198171615600586 1.0 1
2057 0.023112773895263672 1.0 1
2058 0.020415306091308594 1.0 1
2060 0.032854318618774414 1.0 1
2062 0.08671116828918457 1.0 1
2063 0.022563457489013672 1.0 1
2088 0.04288792610168457 1.0 1
2090 0.02162957191467285 1.0 1
2092 0.022220373153686523 1.0 1
2093 0.05582451820373535 1.0 1
2095 0.02066636085510254 1.0 1
2118 0.04662680625915527 1.0 1
2120 0.0896608829498291 1.0 1
2121 0.02008199691772461 1.0 1
2123 0.0223691463470459 1.0 1
2124 0.059146881103515625 1.0 1
2148 0.040100812911987305 1.0 1
2150 0.022037744522094727 1.0 1
2152 0.06577205657958984 1.0 1
2154 0.020908355712890625 1.0 1
2155 0.019535303115844727 1.0 1
2177 0.06915545463562012 1.0 1
2179 0.10090780258178711 1.0 1
2181 0.019999980926513672 1.0 1
2182 0.0200345516204834 1.0 1
2183 0.02011418342590332 1.0 1
2208 0.04757070541381836 1.0 1
2209 0.08042502403259277 1.0 1
2211 0.0192873477935791 1.0 1
2212 0.08658599853515625 1.0 1
2214 0.08372688293457031 1.0 1
2237 0.03634238243103027 1.0 1
2238 0.021712064743041992 1.0 1
2240 0.06278705596923828 1.0 1
2241 0.021203279495239258 1.0 1
2243 0.07222700119018555 1.0 1
2266 0.020758390426635742 1.0 1
2268 0.06073904037475586 1.0 1
2269 0.019524574279785156 1.0 1
2271 0.1733243465423584 1.0 1
2272 0.02367997169494629 1.0 1
2297 0.022964000701904297 1.0 1
2299 0.07800030708312988 1.0 1
2300 0.02174663543701172 1.0 1
2302 0.07328557968139648 1.0 1
2303 0.021013736724853516 1.0 1
2327 0.021500349044799805 1.0 1
2329 0.03377580642700195 1.0 1
2331 0.08908939361572266 1.0 1
2332 0.0216214656829834 1.0 1
2334 0.041521310806274414 1.0 1
2357 0.021087169647216797 1.0 1
2359 0.06630349159240723 1.0 1
2360 0.02099466323852539 1.0 1
2362 0.07113242149353027 1.0 1
2364 0.02092456817626953 1.0 1
2387 0.02058696746826172 1.0 1
2388 0.08715939521789551 1.0 1
2390 0.08860135078430176 1.0 1
2391 0.021959304809570312 1.0 1
2392 0.06764674186706543 1.0 1
2418 0.020017385482788086 1.0 1
2420 0.09742093086242676 1.0 1
2421 0.08746027946472168 1.0 1
2423 0.09272599220275879 1.0 1
2424 0.022174358367919922 1.0 1
2447 0.025365352630615234 1.0 1
2449 0.021249771118164062 1.0 1
2450 0.05243492126464844 1.0 1
2452 0.02236318588256836 1.0 1
2454 0.02170395851135254 1.0 1
2477 0.02237844467163086 1.0 1
2479 0.021756649017333984 1.0 1
2480 0.04252362251281738 1.0 1
2482 0.10518503189086914 1.0 1
2483 0.07320427894592285 1.0 1
2507 0.02187800407409668 1.0 1
2509 0.06108808517456055 1.0 1
2511 0.09818077087402344 1.0 1
2512 0.020908355712890625 1.0 1
2514 0.07761383056640625 1.0 1
2534 0.04294729232788086 1.0 1
2535 0.023253440856933594 1.0 1
2536 0.012687206268310547 1.0 1
2538 0.039324283599853516 1.0 1
2539 0.02032613754272461 1.0 1
2564 0.019844770431518555 1.0 1
2565 0.0690767765045166 1.0 1
2566 0.017915010452270508 1.0 1
2568 0.07136011123657227 1.0 1
2569 0.01349949836730957 1.0 1
2594 0.019990205764770508 1.0 1
2595 0.021467924118041992 1.0 1
2597 0.0173189640045166 1.0 1
2598 0.09961318969726562 1.0 1
2599 0.02617359161376953 1.0 1
2624 0.04005241394042969 1.0 1
2625 0.015225648880004883 1.0 1
2626 0.06643390655517578 1.0 1
2628 0.011962413787841797 1.0 1
2629 0.07823991775512695 1.0 1
2656 0.021783113479614258 1.0 1
2657 0.022563695907592773 1.0 1
2659 0.042139530181884766 1.0 1
2661 0.024332523345947266 1.0 1
2662 0.08076214790344238 1.0 1
2686 0.022881507873535156 1.0 1
2687 0.02180933952331543 1.0 1
2688 0.021716833114624023 1.0 1
2690 0.03217601776123047 1.0 1
2691 0.08096432685852051 1.0 1
2717 0.021048545837402344 1.0 1
2719 0.020150184631347656 1.0 1
2720 0.05619025230407715 1.0 1
2722 0.026793479919433594 1.0 1
2723 0.022668838500976562 1.0 1
2748 0.019963741302490234 1.0 1
2749 0.09963059425354004 1.0 1
2751 0.02341485023498535 1.0 1
2753 0.06302142143249512 1.0 1
2754 0.03726840019226074 1.0 1
2778 0.02060842514038086 1.0 1
2780 0.13087821006774902 1.0 1
2781 0.024944067001342773 1.0 1
2783 0.1651463508605957 1.0 1
2785 0.0219268798828125 1.0 1
2808 0.04275870323181152 1.0 1
2810 0.02274942398071289 1.0 1
2811 0.0208590030670166 1.0 1
2813 0.05388355255126953 1.0 1
2815 0.02309727668762207 1.0 1
2841 0.02222609519958496 1.0 1
2842 0.018468141555786133 1.0 1
2845 0.022250890731811523 1.0 1
2847 0.019803762435913086 1.0 1
2848 0.018218040466308594 1.0 1
2870 0.022384166717529297 1.0 1
2872 0.02600383758544922 1.0 1
2874 0.018990278244018555 1.0 1
2876 0.02154827117919922 1.0 1
2877 0.023328542709350586 1.0 1
2904 0.02153158187866211 1.0 1
2907 0.1426687240600586 1.0 1
2909 0.016162395477294922 1.0 1
2912 0.09421634674072266 1.0 1
2914 0.019870519638061523 1.0 1
2966 0.0203096866607666 1.0 1
2968 0.02338576316833496 1.0 1
2970 0.0218203067779541 1.0 1
2972 0.021282672882080078 1.0 1
2975 0.02408003807067871 1.0 1
3028 0.02790665626525879 1.0 1
3031 0.033823490142822266 1.0 1
3034 0.02483344078063965 1.0 1
3036 0.022623777389526367 1.0 1
3039 0.019036531448364258 1.0 1
3089 0.025390625 1.0 1
3091 0.019581317901611328 1.0 1
3094 0.07052803039550781 1.0 1
3096 0.023472070693969727 1.0 1
3099 0.04393911361694336 1.0 1
3153 0.021106243133544922 1.0 1
3155 0.0194857120513916 1.0 1
3157 0.022669076919555664 1.0 1
3160 0.021933317184448242 1.0 1
3164 0.0218503475189209 1.0 1
3207 0.041413307189941406 1.0 1
3211 0.020549297332763672 1.0 1
3212 0.021768808364868164 1.0 1
3216 0.020779848098754883 1.0 1
3219 0.12271451950073242 1.0 1
3265 0.019143104553222656 1.0 1
3268 0.08273792266845703 1.0 1
3270 0.0217132568359375 1.0 1
3272 0.022966384887695312 1.0 1
3274 0.022305011749267578 1.0 1
3319 0.040799856185913086 1.0 1
3321 0.030869245529174805 1.0 1
3323 0.020533084869384766 1.0 1
3324 0.0192105770111084 1.0 1
3326 0.06752300262451172 1.0 1
3350 0.025354862213134766 1.0 1
3351 0.05555224418640137 1.0 1
3353 0.021974802017211914 1.0 1
3355 0.1537778377532959 1.0 1
3356 0.021607160568237305 1.0 1
3376 0.05260825157165527 1.0 1
3377 0.02273416519165039 1.0 1
3378 0.01422119140625 1.0 1
3380 0.05713295936584473 1.0 1
3381 0.08991622924804688 1.0 1
3406 0.07933211326599121 1.0 1
3408 0.09118986129760742 1.0 1
3409 0.020678043365478516 1.0 1
3411 0.0777742862701416 1.0 1
3412 0.018891572952270508 1.0 1
3434 0.034200191497802734 1.0 1
3436 0.08573269844055176 1.0 1
3437 0.01708817481994629 1.0 1
3438 0.019377470016479492 1.0 1
3439 0.05560302734375 1.0 1
3464 0.021923303604125977 1.0 1
3466 0.023447036743164062 1.0 1
3467 0.06677675247192383 1.0 1
3468 0.020828962326049805 1.0 1
3469 0.06501007080078125 1.0 1
3496 0.06444287300109863 1.0 1
3498 0.08438301086425781 1.0 1
3500 0.021970510482788086 1.0 1
3501 0.02257537841796875 1.0 1
3503 0.04622507095336914 1.0 1
3527 0.06475114822387695 1.0 1
3528 0.021369457244873047 1.0 1
3529 0.020664215087890625 1.0 1
3531 0.02118515968322754 1.0 1
3532 0.021605253219604492 1.0 1
3557 0.11796736717224121 1.0 1
3558 0.02141094207763672 1.0 1
3560 0.01970076560974121 1.0 1
3561 0.06530880928039551 1.0 1
3563 0.0256960391998291 1.0 1
3587 0.024531126022338867 1.0 1
3589 0.022227048873901367 1.0 1
3590 0.0534052848815918 1.0 1
3592 0.024790048599243164 1.0 1
3593 0.02290964126586914 1.0 1
