10 0.1154024600982666 0.6 1
11 0.06303071975708008 0.6 1
12 0.17224597930908203 0.6 1
12 0.05458641052246094 0.6 1
13 0.05896282196044922 0.6 1
45 0.009510517120361328 0.6 1
46 0.0104522705078125 0.6 1
47 0.010557889938354492 0.6 1
48 0.012342691421508789 0.6 1
50 0.009812593460083008 0.6 1
68 0.011114358901977539 0.6 1
69 0.010159730911254883 0.6 1
70 0.01111602783203125 0.6 1
71 0.009563684463500977 0.6 1
71 0.010027408599853516 0.6 1
110 0.0036895275115966797 0.6 2
112 0.010117769241333008 0.6 2
114 0.09392309188842773 0.6 2
114 0.0630178451538086 0.6 2
115 0.07053184509277344 0.6 2
142 0.007797718048095703 0.6 3
143 0.0832822322845459 0.6 3
145 0.053572893142700195 0.6 3
146 0.053360939025878906 0.6 3
147 0.06452417373657227 0.6 3
172 0.010006189346313477 0.6 3
173 0.0076220035552978516 0.6 3
175 0.045124053955078125 0.6 3
177 0.008933067321777344 0.6 3
179 0.04790544509887695 0.6 3
206 0.009541034698486328 0.6 3
208 0.009270906448364258 0.6 3
210 0.007174491882324219 0.6 3
212 0.008696794509887695 0.6 3
214 0.05534720420837402 0.6 3
287 0.07036852836608887 0.5 3
288 0.053759098052978516 0.5 3
289 0.05886983871459961 0.5 3
290 0.07608461380004883 0.5 3
291 0.06078195571899414 0.5 3
359 1.0299875736236572 0.4 3
360 0.05883002281188965 0.4 3
362 0.06504034996032715 0.4 3
363 0.006335258483886719 0.4 3
364 0.003969669342041016 0.4 3
409 0.16637754440307617 0.4 3
410 0.053643226623535156 0.4 3
411 0.05581307411193848 0.4 3
413 0.16308379173278809 0.4 3
415 0.07482147216796875 0.4 3
447 0.014592409133911133 0.4 3
449 0.014617681503295898 0.4 3
451 0.014407873153686523 0.4 3
454 0.012731790542602539 0.4 3
456 0.016757965087890625 0.4 3
510 0.010921478271484375 0.4 3
513 0.014343500137329102 0.4 3
516 0.01384115219116211 0.4 3
519 0.012134313583374023 0.4 3
522 0.02047419548034668 0.4 3
568 0.012344598770141602 0.4 3
571 0.013473272323608398 0.4 3
574 0.01262521743774414 0.4 3
577 0.010461091995239258 0.4 3
579 0.011408329010009766 0.4 3
626 0.01081395149230957 0.4 2
628 0.01087045669555664 0.4 2
630 0.011105537414550781 0.4 2
633 0.010265588760375977 0.4 2
634 0.008713722229003906 0.4 2
679 0.012592077255249023 0.4 2
682 0.010220766067504883 0.4 2
684 0.009872913360595703 0.4 2
687 0.010550498962402344 0.4 2
689 0.010914802551269531 0.4 2
714 0.011307001113891602 0.4 2
716 0.009639978408813477 0.4 2
719 0.011242866516113281 0.4 2
721 0.010017871856689453 0.4 2
723 0.009352922439575195 0.4 2
776 0.003446817398071289 0.4 3
778 0.007883787155151367 0.4 3
781 0.007475137710571289 0.4 3
783 0.0030336380004882812 0.4 3
785 0.01122283935546875 0.4 3
834 0.008057832717895508 0.4 3
836 0.013535261154174805 0.4 3
838 0.00877690315246582 0.4 3
840 0.008073806762695312 0.4 3
843 0.012034893035888672 0.4 3
888 0.007578372955322266 0.4 3
890 0.008068084716796875 0.4 3
892 0.041526079177856445 0.4 3
894 0.008688688278198242 0.4 3
897 0.008343219757080078 0.4 3
920 0.012942790985107422 0.4 3
922 0.007959604263305664 0.4 3
924 0.008544445037841797 0.4 3
926 0.011565208435058594 0.4 3
927 0.032758474349975586 0.4 3
953 0.010215282440185547 0.4 3
955 0.009883642196655273 0.4 3
958 0.006651401519775391 0.4 3
960 0.007532358169555664 0.4 3
963 0.008972406387329102 0.4 3
1017 0.007382869720458984 0.4 3
1019 0.00794529914855957 0.4 3
1022 0.009178638458251953 0.4 3
1024 0.005700349807739258 0.4 3
1027 0.00783228874206543 0.4 3
1074 0.007306098937988281 0.4 3
1076 0.00737762451171875 0.4 3
1078 0.010744333267211914 0.4 3
1081 0.008474349975585938 0.4 3
1083 0.008002519607543945 0.4 3
1130 0.0066070556640625 0.4 3
1132 0.009309053421020508 0.4 3
1134 0.007512331008911133 0.4 3
1137 0.008278131484985352 0.4 3
1139 0.007978439331054688 0.4 3
1165 0.007247209548950195 0.4 3
1167 0.007143735885620117 0.4 3
1170 0.005164623260498047 0.4 3
1172 0.0059969425201416016 0.4 3
1174 0.006825447082519531 0.4 3
1223 0.007158756256103516 0.4 3
1225 0.009254693984985352 0.4 3
1228 0.008833646774291992 0.4 3
1230 0.007079362869262695 0.4 3
1232 0.007650136947631836 0.4 3
1286 0.007795810699462891 0.4 2
1288 0.007031679153442383 0.4 2
1290 0.007360935211181641 0.4 2
1293 0.006687641143798828 0.4 2
1295 0.008108854293823242 0.4 2
1348 0.006715536117553711 0.4 1
1351 0.009500741958618164 0.4 1
1354 0.0064966678619384766 0.4 1
1355 0.048032283782958984 0.4 1
1356 0.05647730827331543 0.4 1
1421 0.08206295967102051 0.5 1
1422 0.06511211395263672 0.5 1
1424 0.053731441497802734 0.5 1
1425 0.06965446472167969 0.5 1
1427 0.04810357093811035 0.5 1
1472 0.004724025726318359 0.5 2
1475 0.012560844421386719 0.5 2
1478 0.010407447814941406 0.5 2
1480 0.05843162536621094 0.5 2
1482 0.09298539161682129 0.5 2
1536 0.012516975402832031 0.5 3
1539 0.01116943359375 0.5 3
1543 0.05500435829162598 0.5 3
1545 0.06409430503845215 0.5 3
1547 0.10183310508728027 0.5 3
1589 0.011471271514892578 0.5 3
1592 0.011613845825195312 0.5 3
1594 0.01700425148010254 0.5 3
1597 0.012560844421386719 0.5 3
1600 0.012327432632446289 0.5 3
1645 0.015728473663330078 0.5 3
1647 0.012234687805175781 0.5 3
1649 0.011408090591430664 0.5 3
1652 0.01440572738647461 0.5 3
1654 0.012777090072631836 0.5 3
1712 0.011071205139160156 0.5 3
1715 0.01505589485168457 0.5 3
1719 0.012362957000732422 0.5 3
1721 0.010745048522949219 0.5 3
1724 0.011925220489501953 0.5 3
1804 0.027568578720092773 0.4 3
1806 0.004052162170410156 0.4 3
1808 0.09326386451721191 0.4 3
1810 0.004526376724243164 0.4 3
1812 0.0044362545013427734 0.4 3
1854 0.016157865524291992 0.4 3
1856 0.010218620300292969 0.4 3
1859 0.014987468719482422 0.4 3
1860 0.04828596115112305 0.4 3
1862 0.011491060256958008 0.4 3
1908 0.011737346649169922 0.4 3
1910 0.011951923370361328 0.4 3
1912 0.010021209716796875 0.4 3
1914 0.011595964431762695 0.4 3
1915 0.011997222900390625 0.4 3
1934 0.01172947883605957 0.4 3
1935 0.010630369186401367 0.4 3
1937 0.05395364761352539 0.4 3
1938 0.009677410125732422 0.4 3
1940 0.011344432830810547 0.4 3
1971 0.009471416473388672 0.4 3
1973 0.010082721710205078 0.4 3
1975 0.012407302856445312 0.4 3
1977 0.010374307632446289 0.4 3
1978 0.009752988815307617 0.4 3
2000 0.009737730026245117 0.4 2
2002 0.008846044540405273 0.4 2
2004 0.008195638656616211 0.4 2
2005 0.05988168716430664 0.4 2
2006 0.05612325668334961 0.4 2
2048 0.868445873260498 0.5 2
2049 0.207319974899292 0.5 2
2050 0.005873203277587891 0.5 2
2051 0.06026148796081543 0.5 2
2052 0.06519389152526855 0.5 2
2089 0.014921426773071289 0.5 3
2090 0.005460977554321289 0.5 3
2092 0.015151739120483398 0.5 3
2094 0.010269641876220703 0.5 3
2096 0.16429877281188965 0.5 3
2115 0.04313349723815918 0.5 3
2116 0.059319257736206055 0.5 3
2117 0.08373880386352539 0.5 3
2117 0.04242420196533203 0.5 3
2118 0.058382511138916016 0.5 3
2150 0.013144254684448242 0.5 3
2152 0.011556386947631836 0.5 3
2154 0.01113271713256836 0.5 3
2156 0.014976978302001953 0.5 3
2158 0.016414165496826172 0.5 3
2181 0.012561559677124023 0.5 3
2183 0.010891437530517578 0.5 3
2186 0.01089787483215332 0.5 3
2188 0.007518291473388672 0.5 3
2190 0.010822772979736328 0.5 3
2210 0.009995460510253906 0.5 3
2212 0.010327339172363281 0.5 3
2214 0.01118159294128418 0.5 3
2217 0.007934808731079102 0.5 3
2219 0.01021575927734375 0.5 3
2245 0.011176347732543945 0.5 3
2247 0.0076673030853271484 0.5 3
2249 0.008820772171020508 0.5 3
2252 0.009159564971923828 0.5 3
2254 0.010214567184448242 0.5 3
2303 0.005971670150756836 0.5 3
2306 0.008488655090332031 0.5 3
2308 0.00817418098449707 0.5 3
2310 0.008701086044311523 0.5 3
2312 0.061142683029174805 0.5 3
2361 0.009917020797729492 0.5 3
2363 0.008908748626708984 0.5 3
2364 0.008026599884033203 0.5 3
2366 0.007607221603393555 0.5 3
2368 0.008448362350463867 0.5 3
2392 0.00720977783203125 0.5 3
2394 0.008443593978881836 0.5 3
2396 0.008065462112426758 0.5 3
2398 0.008330106735229492 0.5 3
2400 0.007712841033935547 0.5 3
2417 0.008764266967773438 0.5 3
2419 0.008502960205078125 0.5 3
2421 0.0070455074310302734 0.5 3
2423 0.008116960525512695 0.5 3
2425 0.008255720138549805 0.5 3
2465 0.04064035415649414 0.4 3
2467 0.005575418472290039 0.4 3
2469 0.09447479248046875 0.4 3
2470 0.018899202346801758 0.4 3
2472 0.06702852249145508 0.4 3
2511 0.01253366470336914 0.4 3
2512 0.014226675033569336 0.4 3
2515 0.07747220993041992 0.4 3
2517 0.007994651794433594 0.4 3
2519 0.01270914077758789 0.4 3
2539 0.010411739349365234 0.4 3
2540 0.01038980484008789 0.4 3
2542 0.017669200897216797 0.4 3
2543 0.010903596878051758 0.4 3
2544 0.0309295654296875 0.4 3
2568 0.009483575820922852 0.4 3
2570 0.009430646896362305 0.4 3
2572 0.010667085647583008 0.4 3
2573 0.010469436645507812 0.4 3
2575 0.010471343994140625 0.4 3
2598 0.013196229934692383 0.4 3
2600 0.009656190872192383 0.4 3
2601 0.008789300918579102 0.4 3
2603 0.011787652969360352 0.4 3
2605 0.02660369873046875 0.4 3
2631 0.008638143539428711 0.4 2
2633 0.007985115051269531 0.4 2
2635 0.007543325424194336 0.4 2
2636 0.04478859901428223 0.4 2
2636 0.056368350982666016 0.4 2
2654 0.007803678512573242 0.4 1
2655 0.008123159408569336 0.4 1
2657 0.007032632827758789 0.4 1
2658 0.0075876712799072266 0.4 1
2659 0.008009910583496094 0.4 1
2685 0.008583784103393555 0.4 1
2687 0.007689714431762695 0.4 1
2689 0.005807638168334961 0.4 1
2691 0.007740974426269531 0.4 1
2693 0.007881641387939453 0.4 1
2718 0.0041425228118896484 0.4 2
2720 0.007653713226318359 0.4 2
2722 0.0074040889739990234 0.4 2
2724 0.008800268173217773 0.4 2
2726 0.059929609298706055 0.4 2
2752 0.007686138153076172 0.4 1
2754 0.07112360000610352 0.4 1
2756 0.005152225494384766 0.4 1
2758 0.08370375633239746 0.4 1
2760 0.011768817901611328 0.4 1
2775 0.014645099639892578 0.4 1
2777 0.007865190505981445 0.4 1
2778 0.006028652191162109 0.4 1
2780 0.006702899932861328 0.4 1
2782 0.08092570304870605 0.4 1
2800 0.007631778717041016 0.4 1
2802 0.00786447525024414 0.4 1
2804 0.007536649703979492 0.4 1
2807 0.007746458053588867 0.4 1
2809 0.0074040889739990234 0.4 1
2848 1.2896862030029297 0.5 1
2850 0.004771232604980469 0.5 1
2851 0.0049457550048828125 0.5 1
2852 0.060494184494018555 0.5 1
2853 0.050748586654663086 0.5 1
2901 0.6360781192779541 0.5 2
2903 0.012668371200561523 0.5 2
2905 0.005013704299926758 0.5 2
2907 0.010771751403808594 0.5 2
2910 0.06967473030090332 0.5 2
2945 0.06619930267333984 0.6 2
2947 0.10882973670959473 0.6 2
2949 0.0889897346496582 0.6 2
2951 0.020624637603759766 0.6 2
2954 0.022943496704101562 0.6 2
2989 0.07280969619750977 0.6 2
2991 0.05857038497924805 0.6 2
2993 0.04985523223876953 0.6 2
2995 0.05683088302612305 0.6 2
2997 0.048182010650634766 0.6 2
3029 0.012402057647705078 0.6 2
3032 0.01510310173034668 0.6 2
3035 0.012692689895629883 0.6 2
3039 0.011352062225341797 0.6 2
3042 0.012444257736206055 0.6 2
3089 0.05164384841918945 0.6 2
3093 0.013554573059082031 0.6 2
3095 0.01105642318725586 0.6 2
3098 0.03418540954589844 0.6 2
3101 0.01360321044921875 0.6 2
3147 0.058455467224121094 0.6 2
3148 0.04640650749206543 0.6 2
3151 0.009824514389038086 0.6 2
3152 0.01128840446472168 0.6 2
3152 0.03280210494995117 0.6 2
3209 0.051434993743896484 0.6 2
3211 0.011466264724731445 0.6 2
3214 0.012256622314453125 0.6 2
3217 0.012616157531738281 0.6 2
3220 0.011247873306274414 0.6 2
3289 0.0040895938873291016 0.5 2
3293 0.07010269165039062 0.5 2
3295 0.003997802734375 0.5 2
3299 0.19841575622558594 0.5 2
3301 0.09108448028564453 0.5 2
3340 0.004499673843383789 0.4 2
3342 0.007702350616455078 0.4 2
3344 0.0034494400024414062 0.4 2
3347 0.08507585525512695 0.4 2
3350 0.004158496856689453 0.4 2
3383 0.10108685493469238 0.4 2
3385 0.09287500381469727 0.4 2
3387 0.013656377792358398 0.4 2
3389 0.08065319061279297 0.4 2
3392 0.012432575225830078 0.4 2
3451 0.0045778751373291016 0.4 3
3453 0.010610818862915039 0.4 3
3456 0.05752134323120117 0.4 3
3456 0.07644772529602051 0.4 3
3457 0.05569291114807129 0.4 3
3508 0.009589910507202148 0.4 3
3511 0.0905008316040039 0.4 3
3514 0.009043216705322266 0.4 3
3516 0.009444236755371094 0.4 3
3519 0.06493258476257324 0.4 3
3566 0.009254693984985352 0.4 2
3568 0.007917404174804688 0.4 2
3571 0.007360935211181641 0.4 2
3573 0.008288145065307617 0.4 2
3575 0.07144832611083984 0.4 2
13 0.04530048370361328 0.4 1
14 0.08852362632751465 0.4 1
15 0.010680675506591797 0.4 1
17 0.051836252212524414 0.4 1
18 0.05691075325012207 0.4 1
54 0.005195140838623047 0.4 2
56 0.011924982070922852 0.4 2
58 0.006437778472900391 0.4 2
60 0.009099721908569336 0.4 2
61 0.0038805007934570312 0.4 2
70 0.058588504791259766 0.4 1
71 0.05549287796020508 0.4 1
72 0.055167436599731445 0.4 1
73 0.043871164321899414 0.4 1
73 0.05488324165344238 0.4 1
112 0.009946823120117188 0.4 1
114 0.009140968322753906 0.4 1
116 0.007411956787109375 0.4 1
118 0.007703304290771484 0.4 1
120 0.0067653656005859375 0.4 1
144 0.00832676887512207 0.4 1
146 0.023552417755126953 0.4 1
148 0.006728410720825195 0.4 1
150 0.0059664249420166016 0.4 1
152 0.06904864311218262 0.4 1
205 0.008657455444335938 0.4 1
207 0.0068645477294921875 0.4 1
210 0.009469270706176758 0.4 1
212 0.027251005172729492 0.4 1
214 0.009595394134521484 0.4 1
280 0.0859227180480957 0.5 1
281 0.05026745796203613 0.5 1
282 0.05979633331298828 0.5 1
284 0.07107663154602051 0.5 1
285 0.07041597366333008 0.5 1
329 0.004027128219604492 0.5 2
331 0.014652729034423828 0.5 2
333 0.004198551177978516 0.5 2
334 0.04426312446594238 0.5 2
336 0.0808868408203125 0.5 2
404 0.04283332824707031 0.6 2
406 0.05685091018676758 0.6 2
408 0.049710988998413086 0.6 2
409 0.05646324157714844 0.6 2
411 0.06409764289855957 0.6 2
452 0.013305425643920898 0.6 3
454 0.15596866607666016 0.6 3
457 0.011633634567260742 0.6 3
460 0.040322303771972656 0.6 3
462 0.05406689643859863 0.6 3
510 0.012301445007324219 0.6 2
511 0.011441946029663086 0.6 2
513 0.011320352554321289 0.6 2
515 0.04801750183105469 0.6 2
517 0.05149483680725098 0.6 2
584 0.0527033805847168 0.7 2
586 0.059441566467285156 0.7 2
588 0.07448387145996094 0.7 2
590 0.03859400749206543 0.7 2
591 0.05113792419433594 0.7 2
651 0.0654916763305664 0.8 2
653 0.06126856803894043 0.8 2
654 0.05475950241088867 0.8 2
656 0.05005002021789551 0.8 2
658 0.05122733116149902 0.8 2
705 0.05990314483642578 0.9 2
707 0.05998349189758301 0.9 2
708 0.05223345756530762 0.9 2
709 0.05488157272338867 0.9 2
711 0.05506753921508789 0.9 2
749 0.011211633682250977 0.9 3
752 0.015801668167114258 0.9 3
755 0.010750055313110352 0.9 3
756 0.05037498474121094 0.9 3
757 0.055344343185424805 0.9 3
812 0.00991678237915039 0.9 2
814 0.009302854537963867 0.9 2
817 0.009015083312988281 0.9 2
818 0.04612612724304199 0.9 2
819 0.07250547409057617 0.9 2
872 0.008654356002807617 0.9 3
874 0.01672220230102539 0.9 3
877 0.07697439193725586 0.9 3
878 0.028766393661499023 0.9 3
879 0.048398733139038086 0.9 3
924 0.007323741912841797 0.9 2
926 0.008028984069824219 0.9 2
928 0.00713038444519043 0.9 2
929 0.0486147403717041 0.9 2
930 0.05062532424926758 0.9 2
953 0.008501291275024414 0.9 3
955 0.014542341232299805 0.9 3
957 0.05333089828491211 0.9 3
958 0.07087922096252441 0.9 3
959 0.04371523857116699 0.9 3
1008 0.021264314651489258 0.8 3
1009 0.019202470779418945 0.8 3
1012 0.026363611221313477 0.8 3
1013 0.01728224754333496 0.8 3
1015 0.014426708221435547 0.8 3
1041 0.013818979263305664 0.8 3
1042 0.01018381118774414 0.8 3
1044 0.011208295822143555 0.8 3
1046 0.01981973648071289 0.8 3
1048 0.010789871215820312 0.8 3
1071 0.011934041976928711 0.8 3
1073 0.012646198272705078 0.8 3
1075 0.011523723602294922 0.8 3
1077 0.01349186897277832 0.8 3
1079 0.010961532592773438 0.8 3
1101 0.008801460266113281 0.8 3
1103 0.010368824005126953 0.8 3
1104 0.011686325073242188 0.8 3
1106 0.00977182388305664 0.8 3
1108 0.009209632873535156 0.8 3
1131 0.010296106338500977 0.8 2
1133 0.00996088981628418 0.8 2
1134 0.009495973587036133 0.8 2
1135 0.04996943473815918 0.8 2
1136 0.0383000373840332 0.8 2
1163 0.01900172233581543 0.8 3
1165 0.010420560836791992 0.8 3
1167 0.06105995178222656 0.8 3
1168 0.0467984676361084 0.8 3
1169 0.05359148979187012 0.8 3
1191 0.008357048034667969 0.8 3
1193 0.011719942092895508 0.8 3
1195 0.008260250091552734 0.8 3
1196 0.010118484497070312 0.8 3
1198 0.011374950408935547 0.8 3
1222 0.009036064147949219 0.8 3
1224 0.008246421813964844 0.8 3
1226 0.010377883911132812 0.8 3
1228 0.007284879684448242 0.8 3
1230 0.019929885864257812 0.8 3
1252 0.012492895126342773 0.8 3
1254 0.011165142059326172 0.8 3
1256 0.00802159309387207 0.8 3
1258 0.009558439254760742 0.8 3
1260 0.008173465728759766 0.8 3
1282 0.009073257446289062 0.8 3
1284 0.00947880744934082 0.8 3
1286 0.019713401794433594 0.8 3
1288 0.008845806121826172 0.8 3
1290 0.010648965835571289 0.8 3
1313 0.008907079696655273 0.8 3
1315 0.0074422359466552734 0.8 3
1317 0.009417533874511719 0.8 3
1319 0.00762486457824707 0.8 3
1321 0.00785207748413086 0.8 3
1342 0.008547544479370117 0.8 3
1344 0.008425235748291016 0.8 3
1346 0.008100509643554688 0.8 3
1348 0.009997367858886719 0.8 3
1350 0.00774073600769043 0.8 3
1373 0.007727861404418945 0.8 3
1374 0.007604837417602539 0.8 3
1376 0.007843017578125 0.8 3
1379 0.007803201675415039 0.8 3
1381 0.008722543716430664 0.8 3
1406 0.007877826690673828 0.8 3
1408 0.008123397827148438 0.8 3
1411 0.008509397506713867 0.8 3
1413 0.006906032562255859 0.8 3
1415 0.008698701858520508 0.8 3
1466 0.009600639343261719 0.8 3
1468 0.007966756820678711 0.8 3
1471 0.0070002079010009766 0.8 3
1473 0.00875997543334961 0.8 3
1475 0.00854635238647461 0.8 3
1530 0.008524656295776367 0.8 3
1532 0.007294654846191406 0.8 3
1535 0.006833791732788086 0.8 3
1538 0.008074760437011719 0.8 3
1540 0.007419109344482422 0.8 3
1592 0.0068111419677734375 0.8 3
1595 0.0076982975006103516 0.8 3
1598 0.008873701095581055 0.8 3
1602 0.007160186767578125 0.8 3
1604 0.008098125457763672 0.8 3
1658 0.007707357406616211 0.8 2
1661 0.009272336959838867 0.8 2
1663 0.006638050079345703 0.8 2
1666 0.049491167068481445 0.8 2
1669 0.04295992851257324 0.8 2
1720 0.007329463958740234 0.8 3
1724 0.025202035903930664 0.8 3
1729 0.006472587585449219 0.8 3
1732 0.04827117919921875 0.8 3
1736 0.05538582801818848 0.8 3
1769 0.009179115295410156 0.8 3
1772 0.01053619384765625 0.8 3
1775 0.01736927032470703 0.8 3
1777 0.007578611373901367 0.8 3
1780 0.00898122787475586 0.8 3
1826 0.014485836029052734 0.8 3
1828 0.007499217987060547 0.8 3
1830 0.007689952850341797 0.8 3
1832 0.013179779052734375 0.8 3
1835 0.008667230606079102 0.8 3
1882 0.008615255355834961 0.8 3
1884 0.012034893035888672 0.8 3
1886 0.006659984588623047 0.8 3
1888 0.0072405338287353516 0.8 3
1890 0.010576248168945312 0.8 3
1913 0.007823467254638672 0.8 3
1915 0.006376028060913086 0.8 3
1917 0.008986711502075195 0.8 3
1919 0.008811712265014648 0.8 3
1921 0.008855104446411133 0.8 3
1940 0.009231805801391602 0.8 3
1942 0.007761955261230469 0.8 3
1944 0.007805585861206055 0.8 3
1946 0.00875091552734375 0.8 3
1947 0.00610804557800293 0.8 3
1970 0.008734941482543945 0.8 3
1972 0.009428262710571289 0.8 3
1974 0.02164912223815918 0.8 3
1976 0.007160663604736328 0.8 3
1978 0.010097026824951172 0.8 3
2000 0.0067293643951416016 0.8 3
2002 0.006606101989746094 0.8 3
2003 0.00843954086303711 0.8 3
2005 0.006551980972290039 0.8 3
2007 0.00861048698425293 0.8 3
2054 0.06605672836303711 0.7 3
2056 0.01714181900024414 0.7 3
2058 0.07750272750854492 0.7 3
2060 0.01443791389465332 0.7 3
2062 0.01458740234375 0.7 3
2091 0.012141227722167969 0.7 3
2093 0.013901948928833008 0.7 3
2095 0.0457005500793457 0.7 3
2096 0.012141704559326172 0.7 3
2098 0.012321233749389648 0.7 3
2124 0.011878490447998047 0.7 2
2126 0.010121822357177734 0.7 2
2128 0.010117769241333008 0.7 2
2129 0.04878497123718262 0.7 2
2130 0.05978059768676758 0.7 2
2169 0.09157061576843262 0.8 2
2171 0.01598072052001953 0.8 2
2173 0.013559103012084961 0.8 2
2175 0.015837430953979492 0.8 2
2177 0.04405713081359863 0.8 2
2210 0.0102386474609375 0.8 3
2211 0.017215967178344727 0.8 3
2213 0.06384134292602539 0.8 3
2214 0.039981842041015625 0.8 3
2215 0.057634830474853516 0.8 3
2241 0.012415647506713867 0.8 3
2242 0.008435249328613281 0.8 3
2244 0.013286352157592773 0.8 3
2246 0.010202407836914062 0.8 3
2248 0.009839534759521484 0.8 3
2270 0.011561393737792969 0.8 3
2272 0.010314702987670898 0.8 3
2274 0.009046316146850586 0.8 3
2275 0.010729789733886719 0.8 3
2277 0.009263992309570312 0.8 3
2320 0.004702329635620117 0.7 3
2322 0.01622939109802246 0.7 3
2324 0.014748573303222656 0.7 3
2325 0.021634578704833984 0.7 3
2327 0.014509439468383789 0.7 3
2360 0.012279510498046875 0.7 3
2362 0.01244664192199707 0.7 3
2363 0.010788202285766602 0.7 3
2365 0.009988546371459961 0.7 3
2367 0.010933876037597656 0.7 3
2390 0.01388406753540039 0.7 3
2392 0.012709379196166992 0.7 3
2394 0.013503313064575195 0.7 3
2396 0.01086568832397461 0.7 3
2397 0.011029481887817383 0.7 3
2446 0.05804610252380371 0.6 3
2447 0.02042984962463379 0.6 3
2449 0.016335248947143555 0.6 3
2451 0.016550302505493164 0.6 3
2453 0.014232873916625977 0.6 3
2480 0.0159456729888916 0.6 3
2482 0.011385440826416016 0.6 3
2483 0.011886119842529297 0.6 3
2485 0.013434171676635742 0.6 3
2487 0.01278233528137207 0.6 3
2509 0.010539770126342773 0.6 3
2511 0.010957002639770508 0.6 3
2513 0.010512590408325195 0.6 3
2515 0.010803937911987305 0.6 3
2517 0.011227130889892578 0.6 3
2538 0.011121273040771484 0.6 3
2540 0.01155543327331543 0.6 3
2542 0.008243799209594727 0.6 3
2543 0.011976480484008789 0.6 3
2545 0.008264303207397461 0.6 3
2568 0.009735584259033203 0.6 3
2570 0.010125160217285156 0.6 3
2571 0.00953984260559082 0.6 3
2573 0.01011800765991211 0.6 3
2575 0.009107589721679688 0.6 3
2598 0.010555744171142578 0.6 2
2600 0.009201526641845703 0.6 2
2602 0.009264230728149414 0.6 2
2603 0.0523371696472168 0.6 2
2604 0.07687067985534668 0.6 2
2630 0.004178762435913086 0.6 3
2631 0.008468389511108398 0.6 3
2633 0.03786730766296387 0.6 3
2634 0.40869617462158203 0.6 3
2634 0.06595635414123535 0.6 3
2678 0.06935739517211914 0.5 3
2680 0.005885601043701172 0.5 3
2682 0.014787912368774414 0.5 3
2683 0.02394700050354004 0.5 3
2686 0.8464453220367432 0.5 3
2742 0.038266897201538086 0.4 3
2744 0.11463356018066406 0.4 3
2746 0.08043694496154785 0.4 3
2748 0.0030031204223632812 0.4 3
2749 0.003965854644775391 0.4 3
2781 0.01505422592163086 0.4 3
2783 0.014307975769042969 0.4 3
2784 0.014425039291381836 0.4 3
2786 0.012166738510131836 0.4 3
2788 0.01277923583984375 0.4 3
2811 0.012923240661621094 0.4 3
2813 0.008734703063964844 0.4 3
2815 0.012205123901367188 0.4 3
2816 0.025307178497314453 0.4 3
2818 0.010437488555908203 0.4 3
2842 0.010344505310058594 0.4 3
2845 0.009653329849243164 0.4 3
2846 0.010844945907592773 0.4 3
2848 0.010588884353637695 0.4 3
2851 0.01085352897644043 0.4 3
2873 0.009978055953979492 0.4 3
2875 0.009925127029418945 0.4 3
2877 0.012051105499267578 0.4 3
2880 0.011480093002319336 0.4 3
2882 0.008894920349121094 0.4 3
2936 0.011266231536865234 0.4 3
2939 0.009887456893920898 0.4 3
2942 0.011963605880737305 0.4 3
2944 0.00908803939819336 0.4 3
2947 0.009166479110717773 0.4 3
3004 0.009546518325805664 0.4 2
3008 0.00882863998413086 0.4 2
3011 0.008651256561279297 0.4 2
3014 0.04323744773864746 0.4 2
3016 0.04905581474304199 0.4 2
3060 0.010578393936157227 0.4 2
3063 0.008704423904418945 0.4 2
3066 0.008005619049072266 0.4 2
3070 0.0076634883880615234 0.4 2
3071 0.014008522033691406 0.4 2
3120 0.012453317642211914 0.4 2
3122 0.008495569229125977 0.4 2
3124 0.008374929428100586 0.4 2
3127 0.008528947830200195 0.4 2
3130 0.008541584014892578 0.4 2
3184 0.008032083511352539 0.4 1
3187 0.008153676986694336 0.4 1
3191 0.009579181671142578 0.4 1
3195 0.049828290939331055 0.4 1
3197 0.056226253509521484 0.4 1
3247 0.0052678585052490234 0.4 2
3248 0.008894920349121094 0.4 2
3251 0.0037419795989990234 0.4 2
3252 0.04352688789367676 0.4 2
3254 0.10422086715698242 0.4 2
3299 0.007291316986083984 0.4 1
3301 0.009834766387939453 0.4 1
3303 0.021754026412963867 0.4 1
3304 0.04483675956726074 0.4 1
3305 0.04356718063354492 0.4 1
3359 0.1835346221923828 0.5 1
3360 0.05731058120727539 0.5 1
3362 0.004572153091430664 0.5 1
3364 0.030477285385131836 0.5 1
3366 0.003740549087524414 0.5 1
3413 0.004262447357177734 0.5 2
3414 0.009378910064697266 0.5 2
3416 0.014491796493530273 0.5 2
3417 0.05324387550354004 0.5 2
3418 0.03797793388366699 0.5 2
3450 0.053520917892456055 0.6 2
3451 0.07357978820800781 0.6 2
3452 0.0794684886932373 0.6 2
3454 0.014567375183105469 0.6 2
3455 0.08014822006225586 0.6 2
3500 0.01387166976928711 0.6 2
3502 0.011644124984741211 0.6 2
3504 0.010776281356811523 0.6 2
3506 0.00886678695678711 0.6 2
3508 0.010401010513305664 0.6 2
3542 0.030346155166625977 0.7 2
3543 0.017487764358520508 0.7 2
3545 0.01692342758178711 0.7 2
3547 0.013803243637084961 0.7 2
3549 0.013689756393432617 0.7 2
